-295.04	0.0027444
-289.52	0.0031182
-283.99	0.0035509
-278.46	0.0040476
-272.93	0.004615
-267.4	0.0052761
-261.87	0.0060429
-256.34	0.0069352
-250.81	0.0079768
-245.28	0.0091975
-239.76	0.010631
-234.23	0.012315
-228.7	0.014297
-223.17	0.016653
-217.64	0.019432
-212.11	0.022735
-206.58	0.026664
-201.05	0.03136
-195.52	0.036958
-189.99	0.04367
-184.47	0.051714
-178.94	0.06138
-173.41	0.073044
-167.88	0.087169
-162.35	0.10435
-156.82	0.12539
-151.29	0.15132
-145.76	0.18344
-140.23	0.22339
-134.7	0.27232
-134.7	0.27243
-129.58	0.32532
-124.42	0.38234
-119.24	0.43609
-114.02	0.4786
-108.77	0.50565
-103.5	0.52052
-98.205	0.52775
-92.883	0.53101
-87.539	0.5325
-82.173	0.53319
-76.786	0.53348
-71.381	0.53363
-65.958	0.53371
-60.519	0.53373
-55.065	0.53373
-49.597	0.53372
-44.117	0.53369
-38.626	0.53368
-33.126	0.53365
-27.618	0.53365
-22.102	0.53364
-16.581	0.53362
-11.057	0.53361
-5.529	0.53359
2.1554e-14	0.53359
-2.1554e-14	0.53359
5.529	0.53359
11.057	0.53358
16.581	0.53358
22.102	0.53358
27.618	0.53357
33.126	0.53356
38.626	0.53356
44.117	0.53354
49.597	0.53351
55.065	0.53349
60.519	0.53347
65.958	0.53343
71.381	0.53335
76.786	0.53319
82.173	0.53285
87.539	0.53217
92.883	0.5307
98.205	0.52751
103.5	0.52042
108.77	0.50587
114.02	0.47931
119.24	0.43736
124.42	0.38406
129.58	0.32726
134.7	0.27445
134.7	0.27434
140.23	0.22543
145.76	0.18554
151.29	0.15336
156.82	0.12736
162.35	0.10623
167.88	0.088932
173.41	0.074672
178.94	0.062848
184.47	0.053005
189.99	0.044793
195.52	0.037932
201.05	0.032179
206.58	0.027354
212.11	0.023305
217.64	0.019901
223.17	0.017034
228.7	0.014612
234.23	0.012563
239.76	0.010832
245.28	0.0093565
250.81	0.0081053
256.34	0.0070335
261.87	0.0061202
267.4	0.0053352
272.93	0.0046596
278.46	0.0040783
283.99	0.003567
289.52	0.0031349
295.04	0.0027599
