  0.30000000E+01  0.20000000E+01
  0.30000000E+01  0.20000000E+01
  0.30000000E+01  0.10000000E+01
  0.40000000E+01  0.10000000E+01
  0.30000000E+01  0.10000000E+01
  0.40000000E+01  0.20000000E+01
  0.30000000E+01  0.10000000E+01
  0.40000000E+01  0.20000000E+01
  0.30000000E+01  0.15000000E+01
  0.40000000E+01  0.15000000E+01
  0.40000000E+01  0.10000000E+01
  0.40000000E+01  0.10000000E+01
  0.30000000E+01  0.20000000E+01
  0.40000000E+01  0.20000000E+01
  0.30000000E+01  0.10000000E+01
  0.30000000E+01  0.10000000E+01
  0.30000000E+01  0.20000000E+01
  0.40000000E+01  0.10000000E+01
  0.40000000E+01  0.10000000E+01
  0.30000000E+01  0.20000000E+01
  0.40000000E+01  0.20000000E+01
  0.40000000E+01  0.20000000E+01
  0.30000000E+01  0.10000000E+01
  0.30000000E+01  0.20000000E+01
  0.35000000E+01  0.10000000E+01
  0.35000000E+01  0.20000000E+01
  0.40000000E+01  0.10000000E+01
  0.40000000E+01  0.20000000E+01
