  0.30000000E+01  0.10000000E+01
  0.40000000E+01  0.13333334E+01
  0.30000000E+01  0.10000000E+01
  0.30000000E+01  0.10000000E+01
  0.40000000E+01  0.13333334E+01
  0.30000000E+01  0.10000000E+01
  0.30000000E+01  0.13333334E+01
  0.40000000E+01  0.16666666E+01
  0.40000000E+01  0.10000000E+01
  0.40000000E+01  0.10000000E+01
  0.30000000E+01  0.16666666E+01
  0.40000000E+01  0.20000000E+01
  0.40000000E+01  0.20000000E+01
  0.30000000E+01  0.20000000E+01
  0.30000000E+01  0.20000000E+01
  0.30000000E+01  0.20000000E+01
  0.30000000E+01  0.20000000E+01
  0.30000000E+01  0.15000000E+01
  0.35000000E+01  0.20000000E+01
  0.30000000E+01  0.10000000E+01
  0.40000000E+01  0.10000000E+01
  0.30000000E+01  0.10000000E+01
  0.40000000E+01  0.20000000E+01
  0.30000000E+01  0.10000000E+01
  0.40000000E+01  0.20000000E+01
  0.30000000E+01  0.12500000E+01
  0.40000000E+01  0.12500000E+01
  0.40000000E+01  0.15000000E+01
  0.35000000E+01  0.10000000E+01
  0.30000000E+01  0.15000000E+01
  0.40000000E+01  0.15000000E+01
  0.30000000E+01  0.10000000E+01
  0.30000000E+01  0.10000000E+01
  0.40000000E+01  0.10000000E+01
  0.40000000E+01  0.10000000E+01
  0.30000000E+01  0.17500000E+01
  0.40000000E+01  0.17500000E+01
  0.30000000E+01  0.13333334E+01
  0.40000000E+01  0.10000000E+01
  0.40000000E+01  0.10000000E+01
  0.30000000E+01  0.20000000E+01
  0.30000000E+01  0.20000000E+01
  0.30000000E+01  0.20000000E+01
  0.40000000E+01  0.20000000E+01
  0.30000000E+01  0.16666666E+01
  0.40000000E+01  0.13333334E+01
  0.30000000E+01  0.10000000E+01
  0.30000000E+01  0.10000000E+01
  0.30000000E+01  0.10000000E+01
  0.30000000E+01  0.10000000E+01
  0.33333333E+01  0.20000000E+01
  0.30000000E+01  0.20000000E+01
  0.40000000E+01  0.16666666E+01
  0.30000000E+01  0.20000000E+01
  0.30000000E+01  0.15000000E+01
  0.35000000E+01  0.10000000E+01
  0.33333333E+01  0.10000000E+01
  0.36666667E+01  0.20000000E+01
  0.40000000E+01  0.20000000E+01
  0.40000000E+01  0.20000000E+01
  0.30000000E+01  0.20000000E+01
  0.40000000E+01  0.10000000E+01
  0.40000000E+01  0.10000000E+01
  0.30000000E+01  0.20000000E+01
  0.30000000E+01  0.10000000E+01
  0.30000000E+01  0.10000000E+01
  0.40000000E+01  0.20000000E+01
  0.36666667E+01  0.10000000E+01
  0.40000000E+01  0.20000000E+01
  0.40000000E+01  0.15000000E+01
  0.35000000E+01  0.20000000E+01
  0.30000000E+01  0.20000000E+01
  0.33333333E+01  0.10000000E+01
  0.30000000E+01  0.20000000E+01
  0.40000000E+01  0.10000000E+01
  0.40000000E+01  0.10000000E+01
  0.40000000E+01  0.20000000E+01
  0.40000000E+01  0.20000000E+01
  0.36666667E+01  0.10000000E+01
  0.33333333E+01  0.20000000E+01
  0.30000000E+01  0.10000000E+01
  0.30000000E+01  0.20000000E+01
  0.40000000E+01  0.10000000E+01
  0.40000000E+01  0.10000000E+01
  0.36666667E+01  0.20000000E+01
  0.32500000E+01  0.10000000E+01
  0.32500000E+01  0.20000000E+01
  0.40000000E+01  0.20000000E+01
  0.40000000E+01  0.20000000E+01
  0.35000000E+01  0.10000000E+01
  0.35000000E+01  0.20000000E+01
  0.37500000E+01  0.10000000E+01
  0.37500000E+01  0.20000000E+01
  0.40000000E+01  0.10000000E+01
  0.40000000E+01  0.20000000E+01
