 -0.59999999E-01  0.15148599E+00
 -0.57551019E-01  0.15304321E+00
 -0.55102039E-01  0.15452808E+00
 -0.52653059E-01  0.15594096E+00
 -0.50204080E-01  0.15728067E+00
 -0.47755100E-01  0.15854862E+00
 -0.45306120E-01  0.15974557E+00
 -0.42857140E-01  0.16087191E+00
 -0.40408161E-01  0.16192578E+00
 -0.37959181E-01  0.16291085E+00
 -0.35510201E-01  0.16382593E+00
 -0.33061221E-01  0.16467401E+00
 -0.30612241E-01  0.16545531E+00
 -0.28163262E-01  0.16617012E+00
 -0.25714282E-01  0.16681993E+00
 -0.23265302E-01  0.16740631E+00
 -0.20816322E-01  0.16792910E+00
 -0.18367343E-01  0.16839056E+00
 -0.15918363E-01  0.16879216E+00
 -0.13469383E-01  0.16913331E+00
 -0.11020403E-01  0.16941600E+00
 -0.85714236E-02  0.16964203E+00
 -0.61224438E-02  0.16981113E+00
 -0.36734643E-02  0.16992529E+00
 -0.12244848E-02  0.16998611E+00
  0.12244948E-02  0.16999274E+00
  0.36734743E-02  0.16994806E+00
  0.61224541E-02  0.16985109E+00
  0.85714338E-02  0.16970570E+00
  0.11020414E-01  0.16950966E+00
  0.13469393E-01  0.16926692E+00
  0.15918372E-01  0.16897622E+00
  0.18367352E-01  0.16863954E+00
  0.20816332E-01  0.16825710E+00
  0.23265311E-01  0.16782993E+00
  0.25714291E-01  0.16735962E+00
  0.28163271E-01  0.16684647E+00
  0.30612251E-01  0.16629173E+00
  0.33061229E-01  0.16569540E+00
  0.35510208E-01  0.16505912E+00
  0.37959188E-01  0.16438277E+00
  0.40408168E-01  0.16366839E+00
  0.42857148E-01  0.16291519E+00
  0.45306128E-01  0.16212544E+00
  0.47755107E-01  0.16129853E+00
  0.50204087E-01  0.16043636E+00
  0.52653067E-01  0.15953818E+00
  0.55102047E-01  0.15860586E+00
  0.57551026E-01  0.15763950E+00
  0.60000006E-01  0.15664054E+00
