 -0.59999999E-01  0.12774090E+00
 -0.57551019E-01  0.13172674E+00
 -0.55102039E-01  0.13543752E+00
 -0.52653059E-01  0.13889140E+00
 -0.50204080E-01  0.14210542E+00
 -0.47755100E-01  0.14509520E+00
 -0.45306120E-01  0.14786978E+00
 -0.42857140E-01  0.15044463E+00
 -0.40408161E-01  0.15282309E+00
 -0.37959181E-01  0.15502006E+00
 -0.35510201E-01  0.15703933E+00
 -0.33061221E-01  0.15889046E+00
 -0.30612241E-01  0.16057830E+00
 -0.28163262E-01  0.16210917E+00
 -0.25714282E-01  0.16348968E+00
 -0.23265302E-01  0.16472411E+00
 -0.20816322E-01  0.16581790E+00
 -0.18367343E-01  0.16677457E+00
 -0.15918363E-01  0.16759983E+00
 -0.13469383E-01  0.16829644E+00
 -0.11020403E-01  0.16886845E+00
 -0.85714236E-02  0.16931982E+00
 -0.61224438E-02  0.16965264E+00
 -0.36734643E-02  0.16987240E+00
 -0.12244848E-02  0.16998166E+00
  0.12244948E-02  0.16998072E+00
  0.36734743E-02  0.16987628E+00
  0.61224541E-02  0.16966778E+00
  0.85714338E-02  0.16936043E+00
  0.11020414E-01  0.16895421E+00
  0.13469393E-01  0.16845453E+00
  0.15918372E-01  0.16786069E+00
  0.18367352E-01  0.16717723E+00
  0.20816332E-01  0.16640443E+00
  0.23265311E-01  0.16554564E+00
  0.25714291E-01  0.16460250E+00
  0.28163271E-01  0.16357686E+00
  0.30612251E-01  0.16247095E+00
  0.33061229E-01  0.16128558E+00
  0.35510208E-01  0.16002436E+00
  0.37959188E-01  0.15868653E+00
  0.40408168E-01  0.15727562E+00
  0.42857148E-01  0.15579224E+00
  0.45306128E-01  0.15423852E+00
  0.47755107E-01  0.15261488E+00
  0.50204087E-01  0.15092452E+00
  0.52653067E-01  0.14916655E+00
  0.55102047E-01  0.14734387E+00
  0.57551026E-01  0.14545661E+00
  0.60000006E-01  0.14350776E+00
