 -0.59999999E-01  0.75090206E+00
 -0.57551019E-01  0.73713005E+00
 -0.55102039E-01  0.72501826E+00
 -0.52653059E-01  0.71430767E+00
 -0.50204080E-01  0.70480001E+00
 -0.47755100E-01  0.69634116E+00
 -0.45306120E-01  0.68880355E+00
 -0.42857140E-01  0.68208504E+00
 -0.40408161E-01  0.67609710E+00
 -0.37959181E-01  0.67076725E+00
 -0.35510201E-01  0.66603142E+00
 -0.33061221E-01  0.66183501E+00
 -0.30612241E-01  0.65812933E+00
 -0.28163262E-01  0.65487182E+00
 -0.25714282E-01  0.65202355E+00
 -0.23265302E-01  0.64955151E+00
 -0.20816322E-01  0.64742452E+00
 -0.18367343E-01  0.64561546E+00
 -0.15918363E-01  0.64409959E+00
 -0.13469383E-01  0.64285350E+00
 -0.11020403E-01  0.64185756E+00
 -0.85714236E-02  0.64109230E+00
 -0.61224438E-02  0.64054036E+00
 -0.36734643E-02  0.64018685E+00
 -0.12244848E-02  0.64001644E+00
  0.12244948E-02  0.64001572E+00
  0.36734743E-02  0.64017332E+00
  0.61224541E-02  0.64047670E+00
  0.85714338E-02  0.64091694E+00
  0.11020414E-01  0.64148283E+00
  0.13469393E-01  0.64216697E+00
  0.15918372E-01  0.64296067E+00
  0.18367352E-01  0.64385605E+00
  0.20816332E-01  0.64484626E+00
  0.23265311E-01  0.64592439E+00
  0.25714291E-01  0.64708483E+00
  0.28163271E-01  0.64832222E+00
  0.30612251E-01  0.64963120E+00
  0.33061229E-01  0.65100676E+00
  0.35510208E-01  0.65244472E+00
  0.37959188E-01  0.65394080E+00
  0.40408168E-01  0.65549159E+00
  0.42857148E-01  0.65709257E+00
  0.45306128E-01  0.65874147E+00
  0.47755107E-01  0.66043448E+00
  0.50204087E-01  0.66216981E+00
  0.52653067E-01  0.66394389E+00
  0.55102047E-01  0.66575468E+00
  0.57551026E-01  0.66759980E+00
  0.60000006E-01  0.66947699E+00
