 -0.59999999E-01  0.87720126E+00
 -0.57551019E-01  0.83668292E+00
 -0.55102039E-01  0.80652261E+00
 -0.52653059E-01  0.78228164E+00
 -0.50204080E-01  0.76206535E+00
 -0.47755100E-01  0.74484384E+00
 -0.45306120E-01  0.72997725E+00
 -0.42857140E-01  0.71703684E+00
 -0.40408161E-01  0.70571011E+00
 -0.37959181E-01  0.69576758E+00
 -0.35510201E-01  0.68702722E+00
 -0.33061221E-01  0.67934561E+00
 -0.30612241E-01  0.67260426E+00
 -0.28163262E-01  0.66670686E+00
 -0.25714282E-01  0.66156852E+00
 -0.23265302E-01  0.65711904E+00
 -0.20816322E-01  0.65329748E+00
 -0.18367343E-01  0.65005040E+00
 -0.15918363E-01  0.64733028E+00
 -0.13469383E-01  0.64509499E+00
 -0.11020403E-01  0.64330709E+00
 -0.85714236E-02  0.64193285E+00
 -0.61224438E-02  0.64094162E+00
 -0.36734643E-02  0.64030683E+00
 -0.12244848E-02  0.64000249E+00
  0.12244948E-02  0.64000583E+00
  0.36734743E-02  0.64029688E+00
  0.61224541E-02  0.64085579E+00
  0.85714338E-02  0.64166534E+00
  0.11020414E-01  0.64270866E+00
  0.13469393E-01  0.64397204E+00
  0.15918372E-01  0.64544129E+00
  0.18367352E-01  0.64710361E+00
  0.20816332E-01  0.64894736E+00
  0.23265311E-01  0.65096188E+00
  0.25714291E-01  0.65313673E+00
  0.28163271E-01  0.65546411E+00
  0.30612251E-01  0.65793395E+00
  0.33061229E-01  0.66053903E+00
  0.35510208E-01  0.66327268E+00
  0.37959188E-01  0.66612738E+00
  0.40408168E-01  0.66909742E+00
  0.42857148E-01  0.67217660E+00
  0.45306128E-01  0.67536068E+00
  0.47755107E-01  0.67864311E+00
  0.50204087E-01  0.68202221E+00
  0.52653067E-01  0.68549156E+00
  0.55102047E-01  0.68904889E+00
  0.57551026E-01  0.69269037E+00
  0.60000006E-01  0.69641376E+00
