  0.00000000E+00  0.3505398E+01  0.6345551E-16  0.0000000E+00  0.1783116E-01  0.1266348E-15  0.0000000E+00  0.3067631E+01 -0.1152716E-14  0.0000000E+00  0.0000000E+00  0.0000000E+00  0.0000000E+00
  0.88888891E-01  0.3507652E+01 -0.2535772E-01  0.0000000E+00  0.1783116E-01  0.1266348E-15  0.0000000E+00  0.3070207E+01 -0.2897639E-01  0.0000000E+00  0.0000000E+00  0.0000000E+00  0.0000000E+00
  0.17777778E+00  0.3514414E+01 -0.5071543E-01  0.0000000E+00  0.1783116E-01  0.1266348E-15  0.0000000E+00  0.3077934E+01 -0.5795278E-01  0.0000000E+00  0.0000000E+00  0.0000000E+00  0.0000000E+00
  0.26666668E+00  0.3525684E+01 -0.7607315E-01  0.0000000E+00  0.1783116E-01  0.1266348E-15  0.0000000E+00  0.3090813E+01 -0.8692917E-01  0.0000000E+00  0.0000000E+00  0.0000000E+00  0.0000000E+00
  0.35555556E+00  0.3541463E+01 -0.1014309E+00  0.0000000E+00  0.1783116E-01  0.1266348E-15  0.0000000E+00  0.3108842E+01 -0.1159056E+00  0.0000000E+00  0.0000000E+00  0.0000000E+00  0.0000000E+00
  0.44444445E+00  0.3561749E+01 -0.1267886E+00  0.0000000E+00  0.1783116E-01  0.1266348E-15  0.0000000E+00  0.3132024E+01 -0.1448819E+00  0.0000000E+00  0.0000000E+00  0.0000000E+00  0.0000000E+00
  0.53333336E+00  0.3586543E+01 -0.1521463E+00  0.0000000E+00  0.1783116E-01  0.1266348E-15  0.0000000E+00  0.3160356E+01 -0.1738583E+00  0.0000000E+00  0.0000000E+00  0.0000000E+00  0.0000000E+00
  0.62222224E+00  0.3615845E+01 -0.1775040E+00  0.0000000E+00  0.1783116E-01  0.1266348E-15  0.0000000E+00  0.3193840E+01 -0.2028347E+00  0.0000000E+00  0.0000000E+00  0.0000000E+00  0.0000000E+00
  0.71111113E+00  0.3649656E+01 -0.2028617E+00  0.0000000E+00  0.1783116E-01  0.1266348E-15  0.0000000E+00  0.3232475E+01 -0.2318111E+00  0.0000000E+00  0.0000000E+00  0.0000000E+00  0.0000000E+00
  0.80000001E+00  0.3687974E+01 -0.2282194E+00  0.0000000E+00  0.1783116E-01  0.1266348E-15  0.0000000E+00  0.3276262E+01 -0.2607875E+00  0.0000000E+00  0.0000000E+00  0.0000000E+00  0.0000000E+00
  0.80000001E+00  0.3687974E+01 -0.2282194E+00  0.0000000E+00  0.1783116E-01  0.1266348E-15  0.0000000E+00  0.3276262E+01 -0.2607875E+00  0.0000000E+00  0.0000000E+00  0.0000000E+00  0.0000000E+00
  0.87500000E+00  0.3833414E+01 -0.1729846E+01  0.0000000E+00  0.1809254E-01  0.6987209E-02  0.0000000E+00  0.3221549E+01  0.9831588E+00  0.0000000E+00  0.0000000E+00  0.0000000E+00  0.0000000E+00
  0.95000005E+00  0.4217105E+01 -0.3435819E+01  0.0000000E+00  0.1888435E-01  0.1417927E-01  0.0000000E+00  0.2987031E+01  0.2113207E+01  0.0000000E+00  0.0000000E+00  0.0000000E+00  0.0000000E+00
  0.95000005E+00  0.4217105E+01 -0.3435819E+01  0.0000000E+00  0.1888435E-01  0.1417927E-01  0.0000000E+00  0.2987031E+01  0.2113207E+01  0.0000000E+00  0.0000000E+00  0.0000000E+00  0.0000000E+00
  0.10200000E+01  0.4712998E+01 -0.3648367E+01  0.0000000E+00  0.1987690E-01  0.1417927E-01  0.0000000E+00  0.2700148E+01  0.1985122E+01  0.0000000E+00  0.0000000E+00  0.0000000E+00  0.0000000E+00
  0.10900000E+01  0.5238648E+01 -0.3860916E+01  0.0000000E+00  0.2086945E-01  0.1417927E-01  0.0000000E+00  0.2431197E+01  0.1857036E+01  0.0000000E+00  0.0000000E+00  0.0000000E+00  0.0000000E+00
  0.11600000E+01  0.5794055E+01 -0.4073464E+01  0.0000000E+00  0.2186200E-01  0.1417927E-01  0.0000000E+00  0.2180178E+01  0.1728951E+01  0.0000000E+00  0.0000000E+00  0.0000000E+00  0.0000000E+00
  0.11600000E+01  0.5794055E+01 -0.4073464E+01  0.0000000E+00  0.2186200E-01  0.1417927E-01  0.0000000E+00  0.2180178E+01  0.1728951E+01  0.0000000E+00  0.0000000E+00  0.0000000E+00  0.0000000E+00
  0.12350000E+01  0.6080152E+01  0.3304487E+00  0.0000000E+00  0.2230502E-01 -0.2420558E-02  0.0000000E+00  0.2046151E+01  0.9137147E-01  0.0000000E+00  0.0000000E+00  0.0000000E+00  0.0000000E+00
  0.13100001E+01  0.5698587E+01  0.4661570E+01  0.0000000E+00  0.2150230E-01 -0.1888519E-01  0.0000000E+00  0.2151730E+01 -0.1525313E+01  0.0000000E+00  0.0000000E+00  0.0000000E+00  0.0000000E+00
  0.13100001E+01  0.5698587E+01  0.4661570E+01  0.0000000E+00  0.2150230E-01 -0.1888519E-01  0.0000000E+00  0.2151730E+01 -0.1525313E+01  0.0000000E+00  0.0000000E+00  0.0000000E+00  0.0000000E+00
  0.13926516E+01  0.4955264E+01  0.4331893E+01  0.0000000E+00  0.1994141E-01 -0.1888519E-01  0.0000000E+00  0.2414429E+01 -0.1653093E+01  0.0000000E+00  0.0000000E+00  0.0000000E+00  0.0000000E+00
  0.14753031E+01  0.4266437E+01  0.4002218E+01  0.0000000E+00  0.1838052E-01 -0.1888519E-01  0.0000000E+00  0.2698252E+01 -0.1780872E+01  0.0000000E+00  0.0000000E+00  0.0000000E+00  0.0000000E+00
  0.15579545E+01  0.3632107E+01  0.3672541E+01  0.0000000E+00  0.1681963E-01 -0.1888519E-01  0.0000000E+00  0.3003196E+01 -0.1908652E+01  0.0000000E+00  0.0000000E+00  0.0000000E+00  0.0000000E+00
  0.16406060E+01  0.3052273E+01  0.3342865E+01  0.0000000E+00  0.1525874E-01 -0.1888519E-01  0.0000000E+00  0.3329263E+01 -0.2036431E+01  0.0000000E+00  0.0000000E+00  0.0000000E+00  0.0000000E+00
  0.17232575E+01  0.2526935E+01  0.3013189E+01  0.0000000E+00  0.1369785E-01 -0.1888519E-01  0.0000000E+00  0.3676453E+01 -0.2164211E+01  0.0000000E+00  0.0000000E+00  0.0000000E+00  0.0000000E+00
  0.18059090E+01  0.2056094E+01  0.2683513E+01  0.0000000E+00  0.1213697E-01 -0.1888519E-01  0.0000000E+00  0.4044765E+01 -0.2291990E+01  0.0000000E+00  0.0000000E+00  0.0000000E+00  0.0000000E+00
  0.18885605E+01  0.1639750E+01  0.2353837E+01  0.0000000E+00  0.1057607E-01 -0.1888519E-01  0.0000000E+00  0.4434198E+01 -0.2419770E+01  0.0000000E+00  0.0000000E+00  0.0000000E+00  0.0000000E+00
  0.19712120E+01  0.1277902E+01  0.2024161E+01  0.0000000E+00  0.9015186E-02 -0.1888519E-01  0.0000000E+00  0.4844755E+01 -0.2547549E+01  0.0000000E+00  0.0000000E+00  0.0000000E+00  0.0000000E+00
  0.20538635E+01  0.9705498E+00  0.1694485E+01  0.0000000E+00  0.7454296E-02 -0.1888519E-01  0.0000000E+00  0.5276433E+01 -0.2675328E+01  0.0000000E+00  0.0000000E+00  0.0000000E+00  0.0000000E+00
  0.20538635E+01  0.9705498E+00  0.1609029E+01  0.0000000E+00  0.7454296E-02 -0.1822885E-01  0.0000000E+00  0.5276433E+01 -0.2727865E+01  0.0000000E+00  0.0000000E+00  0.0000000E+00  0.0000000E+00
  0.20538635E+01  0.9705498E+00  0.1609029E+01  0.0000000E+00  0.7454296E-02 -0.1822885E-01  0.0000000E+00  0.5276433E+01 -0.2727865E+01  0.0000000E+00  0.0000000E+00  0.0000000E+00  0.0000000E+00
  0.21279266E+01  0.7213749E+00  0.1711987E+01  0.0000000E+00  0.1321743E-01  0.1733563E+00  0.0000000E+00  0.5689277E+01 -0.2846351E+01  0.0000000E+00  0.0000000E+00  0.0000000E+00  0.0000000E+00
  0.22019897E+01  0.4763054E+00  0.1554311E+01  0.0000000E+00  0.3296820E-01  0.3582794E+00  0.0000000E+00  0.6119671E+01 -0.2964837E+01  0.0000000E+00  0.0000000E+00  0.0000000E+00  0.0000000E+00
  0.22760527E+01  0.2726509E+00  0.1160006E+01  0.0000000E+00  0.6594760E-01  0.5294341E+00  0.0000000E+00  0.6567616E+01 -0.3083323E+01  0.0000000E+00  0.0000000E+00  0.0000000E+00  0.0000000E+00
  0.23501158E+01  0.1414160E+00  0.5890998E+00  0.0000000E+00  0.1108883E+00  0.6802430E+00  0.0000000E+00  0.7033112E+01 -0.3201809E+01  0.0000000E+00  0.0000000E+00  0.0000000E+00  0.0000000E+00
  0.23501158E+01  0.1414160E+00  0.5890998E+00  0.0000000E+00  0.1108883E+00  0.6802430E+00  0.0000000E+00  0.7033112E+01 -0.3201809E+01  0.0000000E+00  0.0000000E+00  0.0000000E+00  0.0000000E+00
  0.23501158E+01  0.1414160E+00  0.5766482E+00  0.0000000E+00  0.1108883E+00  0.6900066E+00  0.0000000E+00  0.7033112E+01 -0.3271836E+01  0.0000000E+00  0.0000000E+00  0.0000000E+00  0.0000000E+00
  0.24076724E+01  0.1062514E+00  0.3430714E-01  0.0000000E+00  0.1506028E+00  0.6900066E+00  0.0000000E+00  0.7415258E+01 -0.3367626E+01  0.0000000E+00  0.0000000E+00  0.0000000E+00  0.0000000E+00
  0.24652293E+01  0.1335176E+00 -0.5080339E+00  0.0000000E+00  0.1903173E+00  0.6900066E+00  0.0000000E+00  0.7808430E+01 -0.3463415E+01  0.0000000E+00  0.0000000E+00  0.0000000E+00  0.0000000E+00
  0.24652302E+01  0.1335186E+00 -0.5080434E+00  0.0000000E+00  0.1903180E+00  0.6900066E+00  0.0000000E+00  0.7808437E+01 -0.3463417E+01  0.0000000E+00  0.0000000E+00  0.0000000E+00  0.0000000E+00
  0.24652302E+01  0.1335186E+00 -0.5080434E+00  0.0000000E+00  0.1903180E+00  0.6900066E+00  0.0000000E+00  0.7808437E+01 -0.3463417E+01  0.0000000E+00  0.0000000E+00  0.0000000E+00  0.0000000E+00
  0.25402303E+01  0.2627279E+00 -0.1214747E+01  0.0000000E+00  0.2420685E+00  0.6900066E+00  0.0000000E+00  0.8337312E+01 -0.3588236E+01  0.0000000E+00  0.0000000E+00  0.0000000E+00  0.0000000E+00
  0.25402303E+01  0.2627279E+00 -0.1214747E+01  0.0000000E+00  0.2420685E+00  0.6900066E+00  0.0000000E+00  0.8337312E+01 -0.3588236E+01  0.0000000E+00  0.0000000E+00  0.0000000E+00  0.0000000E+00
  0.26152301E+01  0.5219304E+00 -0.2308650E+01  0.0000000E+00  0.3014668E+00  0.9016874E+00  0.0000000E+00  0.8383983E+01  0.2978172E+01  0.0000000E+00  0.0000000E+00  0.0000000E+00  0.0000000E+00
  0.26902301E+01  0.9827480E+00 -0.3955345E+01  0.0000000E+00  0.3786488E+00  0.1166560E+01  0.0000000E+00  0.7478417E+01  0.8858844E+01  0.0000000E+00  0.0000000E+00  0.0000000E+00  0.0000000E+00
  0.26902301E+01  0.9827480E+00 -0.3955345E+01  0.0000000E+00  0.3786488E+00  0.1166560E+01  0.0000000E+00  0.7478417E+01  0.8858844E+01  0.0000000E+00  0.0000000E+00  0.0000000E+00  0.0000000E+00
  0.27652302E+01  0.1671320E+01 -0.5225616E+01  0.0000000E+00  0.4661408E+00  0.1166560E+01  0.0000000E+00  0.6209372E+01  0.8061759E+01  0.0000000E+00  0.0000000E+00  0.0000000E+00  0.0000000E+00
  0.27652311E+01  0.1671331E+01 -0.5225633E+01  0.0000000E+00  0.4661420E+00  0.1166560E+01  0.0000000E+00  0.6209356E+01  0.8061748E+01  0.0000000E+00  0.0000000E+00  0.0000000E+00  0.0000000E+00
  0.27652311E+01  0.1671331E+01 -0.5225633E+01  0.0000000E+00  0.4661420E+00  0.1166560E+01  0.0000000E+00  0.6209356E+01  0.8061748E+01  0.0000000E+00  0.0000000E+00  0.0000000E+00  0.0000000E+00
  0.28327312E+01  0.2453960E+01 -0.6368877E+01  0.0000000E+00  0.5448848E+00  0.1166560E+01  0.0000000E+00  0.5169443E+01  0.7344371E+01  0.0000000E+00  0.0000000E+00  0.0000000E+00  0.0000000E+00
  0.29002311E+01  0.3390928E+01 -0.7512122E+01  0.0000000E+00  0.6236275E+00  0.1166560E+01  0.0000000E+00  0.4226376E+01  0.6626995E+01  0.0000000E+00  0.0000000E+00  0.0000000E+00  0.0000000E+00
  0.29002311E+01  0.3390928E+01 -0.7512122E+01  0.0000000E+00  0.6236275E+00  0.1166560E+01  0.0000000E+00  0.4226376E+01  0.6626995E+01  0.0000000E+00  0.0000000E+00  0.0000000E+00  0.0000000E+00
  0.29752312E+01  0.4447504E+01 -0.6386530E+01  0.0000000E+00  0.6980585E+00  0.8116208E+00  0.0000000E+00  0.3438054E+01  0.4024251E+01  0.0000000E+00  0.0000000E+00  0.0000000E+00  0.0000000E+00
  0.30502312E+01  0.5256016E+01 -0.4248974E+01  0.0000000E+00  0.7445577E+00  0.4242059E+00  0.0000000E+00  0.2986527E+01  0.2076459E+01  0.0000000E+00  0.0000000E+00  0.0000000E+00  0.0000000E+00
  0.30502312E+01  0.5256016E+01 -0.4248974E+01  0.0000000E+00  0.7445577E+00  0.4242059E+00  0.0000000E+00  0.2986527E+01  0.2076459E+01  0.0000000E+00  0.0000000E+00  0.0000000E+00  0.0000000E+00
  0.31335645E+01  0.5989353E+01 -0.4551068E+01  0.0000000E+00  0.7799082E+00  0.4242059E+00  0.0000000E+00  0.2652801E+01  0.1928247E+01  0.0000000E+00  0.0000000E+00  0.0000000E+00  0.0000000E+00
  0.32168980E+01  0.6773039E+01 -0.4853163E+01  0.0000000E+00  0.8152587E+00  0.4242059E+00  0.0000000E+00  0.2343778E+01  0.1780034E+01  0.0000000E+00  0.0000000E+00  0.0000000E+00  0.0000000E+00
  0.33002312E+01  0.7607074E+01 -0.5155258E+01  0.0000000E+00  0.8506092E+00  0.4242059E+00  0.0000000E+00  0.2059456E+01  0.1631822E+01  0.0000000E+00  0.0000000E+00  0.0000000E+00  0.0000000E+00
  0.33002322E+01  0.7607084E+01 -0.5155262E+01  0.0000000E+00  0.8506096E+00  0.4242059E+00  0.0000000E+00  0.2059453E+01  0.1631820E+01  0.0000000E+00  0.0000000E+00  0.0000000E+00  0.0000000E+00
  0.33002322E+01  0.7607084E+01 -0.5155262E+01  0.0000000E+00  0.8506096E+00  0.4242059E+00  0.0000000E+00  0.2059453E+01  0.1631820E+01  0.0000000E+00  0.0000000E+00  0.0000000E+00  0.0000000E+00
  0.33752322E+01  0.8400764E+01 -0.5427147E+01  0.0000000E+00  0.8824250E+00  0.4242059E+00  0.0000000E+00  0.1824685E+01  0.1498429E+01  0.0000000E+00  0.0000000E+00  0.0000000E+00  0.0000000E+00
  0.33752322E+01  0.8400764E+01 -0.5427147E+01  0.0000000E+00  0.8824250E+00  0.4242059E+00  0.0000000E+00  0.1824685E+01  0.1498429E+01  0.0000000E+00  0.0000000E+00  0.0000000E+00  0.0000000E+00
  0.34502323E+01  0.8453013E+01  0.4751525E+01  0.0000000E+00  0.8743542E+00 -0.6378116E+00  0.0000000E+00  0.1765701E+01 -0.6885324E+00  0.0000000E+00  0.0000000E+00  0.0000000E+00  0.0000000E+00
  0.35252323E+01  0.7059307E+01  0.1327039E+02  0.0000000E+00  0.7881819E+00 -0.1642857E+01  0.0000000E+00  0.2043863E+01 -0.3130885E+01  0.0000000E+00  0.0000000E+00  0.0000000E+00  0.0000000E+00
  0.35252323E+01  0.7059307E+01  0.1327039E+02  0.0000000E+00  0.7881819E+00 -0.1642857E+01  0.0000000E+00  0.2043863E+01 -0.3130885E+01  0.0000000E+00  0.0000000E+00  0.0000000E+00  0.0000000E+00
  0.35952322E+01  0.5324382E+01  0.1151424E+02  0.0000000E+00  0.6731820E+00 -0.1642857E+01  0.0000000E+00  0.2508084E+01 -0.3500856E+01  0.0000000E+00  0.0000000E+00  0.0000000E+00  0.0000000E+00
  0.36652322E+01  0.3835320E+01  0.9758084E+01  0.0000000E+00  0.5581819E+00 -0.1642857E+01  0.0000000E+00  0.3024102E+01 -0.3870828E+01  0.0000000E+00  0.0000000E+00  0.0000000E+00  0.0000000E+00
  0.37352321E+01  0.2592119E+01  0.8001929E+01  0.0000000E+00  0.4431820E+00 -0.1642857E+01  0.0000000E+00  0.3591916E+01 -0.4240799E+01  0.0000000E+00  0.0000000E+00  0.0000000E+00  0.0000000E+00
  0.37352321E+01  0.2592119E+01  0.8001929E+01  0.0000000E+00  0.4431820E+00 -0.1642857E+01  0.0000000E+00  0.3591916E+01 -0.4240799E+01  0.0000000E+00  0.0000000E+00  0.0000000E+00  0.0000000E+00
  0.38102322E+01  0.1724832E+01  0.3946311E+01  0.0000000E+00  0.3403289E+00 -0.1122800E+01  0.0000000E+00  0.3866355E+01  0.7048959E+00  0.0000000E+00  0.0000000E+00  0.0000000E+00  0.0000000E+00
  0.38852322E+01  0.1327381E+01  0.1529191E+01  0.0000000E+00  0.2719297E+00 -0.7164123E+00  0.0000000E+00  0.3394319E+01  0.5376868E+01  0.0000000E+00  0.0000000E+00  0.0000000E+00  0.0000000E+00
  0.38852322E+01  0.1327381E+01  0.1529191E+01  0.0000000E+00  0.2719297E+00 -0.7164123E+00  0.0000000E+00  0.3394319E+01  0.5376868E+01  0.0000000E+00  0.0000000E+00  0.0000000E+00  0.0000000E+00
  0.39602702E+01  0.1112049E+01  0.1340467E+01  0.0000000E+00  0.2181717E+00 -0.7164123E+00  0.0000000E+00  0.2637000E+01  0.4715635E+01  0.0000000E+00  0.0000000E+00  0.0000000E+00  0.0000000E+00
  0.40353079E+01  0.9250385E+00  0.1151744E+01  0.0000000E+00  0.1644137E+00 -0.7164123E+00  0.0000000E+00  0.1978915E+01  0.4054403E+01  0.0000000E+00  0.0000000E+00  0.0000000E+00  0.0000000E+00
  0.41103458E+01  0.7663512E+00  0.9630202E+00  0.0000000E+00  0.1106557E+00 -0.7164123E+00  0.0000000E+00  0.1420066E+01  0.3393170E+01  0.0000000E+00  0.0000000E+00  0.0000000E+00  0.0000000E+00
  0.41103458E+01  0.7663512E+00  0.8955435E+00  0.0000000E+00  0.1106557E+00 -0.7066692E+00  0.0000000E+00  0.1420066E+01  0.3379031E+01  0.0000000E+00  0.0000000E+00  0.0000000E+00  0.0000000E+00
  0.41103458E+01  0.7663512E+00  0.8955435E+00  0.0000000E+00  0.1106557E+00 -0.7066692E+00  0.0000000E+00  0.1420066E+01  0.3379031E+01  0.0000000E+00  0.0000000E+00  0.0000000E+00  0.0000000E+00
  0.41844087E+01  0.6206469E+00  0.1046410E+01  0.0000000E+00  0.6377482E-01 -0.5552322E+00  0.0000000E+00  0.9675099E+00  0.2731382E+01  0.0000000E+00  0.0000000E+00  0.0000000E+00  0.0000000E+00
  0.42584715E+01  0.4642564E+00  0.1037970E+01  0.0000000E+00  0.2893873E-01 -0.3824581E+00  0.0000000E+00  0.6108878E+00  0.2083734E+01  0.0000000E+00  0.0000000E+00  0.0000000E+00  0.0000000E+00
  0.43325348E+01  0.3209887E+00  0.8715087E+00  0.0000000E+00  0.7486122E-02 -0.1949863E+00  0.0000000E+00  0.3501994E+00  0.1436085E+01  0.0000000E+00  0.0000000E+00  0.0000000E+00  0.0000000E+00
  0.44065976E+01  0.2126551E+00  0.5723681E+00  0.0000000E+00  0.2414070E-03 -0.2125377E-04  0.0000000E+00  0.1854446E+00  0.7884362E+00  0.0000000E+00  0.0000000E+00  0.0000000E+00  0.0000000E+00
  0.44065976E+01  0.2126551E+00  0.5723681E+00  0.0000000E+00  0.2414070E-03 -0.2125377E-04  0.0000000E+00  0.1854446E+00  0.7884362E+00  0.0000000E+00  0.0000000E+00  0.0000000E+00  0.0000000E+00
  0.44065976E+01  0.2126551E+00  0.5536440E+00  0.0000000E+00  0.2414070E-03  0.1947106E-08  0.0000000E+00  0.1854446E+00  0.7865897E+00  0.0000000E+00  0.0000000E+00  0.0000000E+00  0.0000000E+00
  0.44516544E+01  0.1752370E+00  0.2768219E+00  0.0000000E+00  0.2414071E-03  0.1947106E-08  0.0000000E+00  0.1322829E+00  0.3932949E+00  0.0000000E+00  0.0000000E+00  0.0000000E+00  0.0000000E+00
  0.44967113E+01  0.1627643E+00 -0.2440392E-06  0.0000000E+00  0.2414072E-03  0.1947106E-08  0.0000000E+00  0.1145623E+00  0.2869618E-07  0.0000000E+00  0.0000000E+00  0.0000000E+00  0.0000000E+00
  0.45417681E+01  0.1752370E+00 -0.2768224E+00  0.0000000E+00  0.2414073E-03  0.1947106E-08  0.0000000E+00  0.1322829E+00 -0.3932948E+00  0.0000000E+00  0.0000000E+00  0.0000000E+00  0.0000000E+00
  0.45868249E+01  0.2126551E+00 -0.5536445E+00  0.0000000E+00  0.2414073E-03  0.1947106E-08  0.0000000E+00  0.1854446E+00 -0.7865897E+00  0.0000000E+00  0.0000000E+00  0.0000000E+00  0.0000000E+00
  0.45868249E+01  0.2126551E+00 -0.5723686E+00  0.0000000E+00  0.2414073E-03  0.2125770E-04  0.0000000E+00  0.1854446E+00 -0.7884361E+00  0.0000000E+00  0.0000000E+00  0.0000000E+00  0.0000000E+00
  0.45868249E+01  0.2126551E+00 -0.5723686E+00  0.0000000E+00  0.2414073E-03  0.2125770E-04  0.0000000E+00  0.1854446E+00 -0.7884361E+00  0.0000000E+00  0.0000000E+00  0.0000000E+00  0.0000000E+00
  0.46608877E+01  0.3209889E+00 -0.8715091E+00  0.0000000E+00  0.7486123E-02  0.1949863E+00  0.0000000E+00  0.3501994E+00 -0.1436085E+01  0.0000000E+00  0.0000000E+00  0.0000000E+00  0.0000000E+00
  0.47349510E+01  0.4642566E+00 -0.1037970E+01  0.0000000E+00  0.2893873E-01  0.3824581E+00  0.0000000E+00  0.6108878E+00 -0.2083733E+01  0.0000000E+00  0.0000000E+00  0.0000000E+00  0.0000000E+00
  0.48090143E+01  0.6206471E+00 -0.1046410E+01  0.0000000E+00  0.6377482E-01  0.5552322E+00  0.0000000E+00  0.9675099E+00 -0.2731382E+01  0.0000000E+00  0.0000000E+00  0.0000000E+00  0.0000000E+00
  0.48830771E+01  0.7663514E+00 -0.8955434E+00  0.0000000E+00  0.1106557E+00  0.7066692E+00  0.0000000E+00  0.1420066E+01 -0.3379031E+01  0.0000000E+00  0.0000000E+00  0.0000000E+00  0.0000000E+00
  0.48830771E+01  0.7663514E+00 -0.8955434E+00  0.0000000E+00  0.1106557E+00  0.7066692E+00  0.0000000E+00  0.1420066E+01 -0.3379031E+01  0.0000000E+00  0.0000000E+00  0.0000000E+00  0.0000000E+00
  0.48830771E+01  0.7663514E+00 -0.9630201E+00  0.0000000E+00  0.1106557E+00  0.7164123E+00  0.0000000E+00  0.1420066E+01 -0.3393170E+01  0.0000000E+00  0.0000000E+00  0.0000000E+00  0.0000000E+00
  0.49581151E+01  0.9250386E+00 -0.1151744E+01  0.0000000E+00  0.1644137E+00  0.7164123E+00  0.0000000E+00  0.1978915E+01 -0.4054402E+01  0.0000000E+00  0.0000000E+00  0.0000000E+00  0.0000000E+00
  0.50331526E+01  0.1112049E+01 -0.1340467E+01  0.0000000E+00  0.2181717E+00  0.7164123E+00  0.0000000E+00  0.2637000E+01 -0.4715635E+01  0.0000000E+00  0.0000000E+00  0.0000000E+00  0.0000000E+00
  0.51081905E+01  0.1327382E+01 -0.1529191E+01  0.0000000E+00  0.2719297E+00  0.7164123E+00  0.0000000E+00  0.3394319E+01 -0.5376868E+01  0.0000000E+00  0.0000000E+00  0.0000000E+00  0.0000000E+00
  0.51081905E+01  0.1327382E+01 -0.1529191E+01  0.0000000E+00  0.2719297E+00  0.7164123E+00  0.0000000E+00  0.3394319E+01 -0.5376868E+01  0.0000000E+00  0.0000000E+00  0.0000000E+00  0.0000000E+00
  0.51831903E+01  0.1724832E+01 -0.3946311E+01  0.0000000E+00  0.3403289E+00  0.1122800E+01  0.0000000E+00  0.3866355E+01 -0.7048959E+00  0.0000000E+00  0.0000000E+00  0.0000000E+00  0.0000000E+00
  0.52581906E+01  0.2592119E+01 -0.8001929E+01  0.0000000E+00  0.4431820E+00  0.1642857E+01  0.0000000E+00  0.3591916E+01  0.4240799E+01  0.0000000E+00  0.0000000E+00  0.0000000E+00  0.0000000E+00
  0.52581906E+01  0.2592119E+01 -0.8001929E+01  0.0000000E+00  0.4431820E+00  0.1642857E+01  0.0000000E+00  0.3591916E+01  0.4240799E+01  0.0000000E+00  0.0000000E+00  0.0000000E+00  0.0000000E+00
  0.53281908E+01  0.3835320E+01 -0.9758083E+01  0.0000000E+00  0.5581819E+00  0.1642857E+01  0.0000000E+00  0.3024102E+01  0.3870828E+01  0.0000000E+00  0.0000000E+00  0.0000000E+00  0.0000000E+00
  0.53981905E+01  0.5324382E+01 -0.1151424E+02  0.0000000E+00  0.6731820E+00  0.1642857E+01  0.0000000E+00  0.2508084E+01  0.3500856E+01  0.0000000E+00  0.0000000E+00  0.0000000E+00  0.0000000E+00
  0.54681907E+01  0.7059306E+01 -0.1327039E+02  0.0000000E+00  0.7881819E+00  0.1642857E+01  0.0000000E+00  0.2043863E+01  0.3130885E+01  0.0000000E+00  0.0000000E+00  0.0000000E+00  0.0000000E+00
  0.54681907E+01  0.7059306E+01 -0.1327039E+02  0.0000000E+00  0.7881819E+00  0.1642857E+01  0.0000000E+00  0.2043863E+01  0.3130885E+01  0.0000000E+00  0.0000000E+00  0.0000000E+00  0.0000000E+00
  0.55431905E+01  0.8453013E+01 -0.4751524E+01  0.0000000E+00  0.8743542E+00  0.6378116E+00  0.0000000E+00  0.1765701E+01  0.6885324E+00  0.0000000E+00  0.0000000E+00  0.0000000E+00  0.0000000E+00
  0.56181903E+01  0.8400764E+01  0.5427147E+01  0.0000000E+00  0.8824251E+00 -0.4242059E+00  0.0000000E+00  0.1824685E+01 -0.1498429E+01  0.0000000E+00  0.0000000E+00  0.0000000E+00  0.0000000E+00
  0.56181903E+01  0.8400764E+01  0.5427147E+01  0.0000000E+00  0.8824251E+00 -0.4242059E+00  0.0000000E+00  0.1824685E+01 -0.1498429E+01  0.0000000E+00  0.0000000E+00  0.0000000E+00  0.0000000E+00
  0.56931906E+01  0.7607084E+01  0.5155262E+01  0.0000000E+00  0.8506096E+00 -0.4242059E+00  0.0000000E+00  0.2059453E+01 -0.1631820E+01  0.0000000E+00  0.0000000E+00  0.0000000E+00  0.0000000E+00
  0.56931915E+01  0.7607074E+01  0.5155258E+01  0.0000000E+00  0.8506092E+00 -0.4242059E+00  0.0000000E+00  0.2059457E+01 -0.1631822E+01  0.0000000E+00  0.0000000E+00  0.0000000E+00  0.0000000E+00
  0.56931915E+01  0.7607074E+01  0.5155258E+01  0.0000000E+00  0.8506092E+00 -0.4242059E+00  0.0000000E+00  0.2059457E+01 -0.1631822E+01  0.0000000E+00  0.0000000E+00  0.0000000E+00  0.0000000E+00
  0.57765250E+01  0.6773038E+01  0.4853163E+01  0.0000000E+00  0.8152587E+00 -0.4242059E+00  0.0000000E+00  0.2343778E+01 -0.1780034E+01  0.0000000E+00  0.0000000E+00  0.0000000E+00  0.0000000E+00
  0.58598580E+01  0.5989352E+01  0.4551069E+01  0.0000000E+00  0.7799082E+00 -0.4242059E+00  0.0000000E+00  0.2652801E+01 -0.1928247E+01  0.0000000E+00  0.0000000E+00  0.0000000E+00  0.0000000E+00
  0.59431915E+01  0.5256015E+01  0.4248974E+01  0.0000000E+00  0.7445577E+00 -0.4242059E+00  0.0000000E+00  0.2986527E+01 -0.2076459E+01  0.0000000E+00  0.0000000E+00  0.0000000E+00  0.0000000E+00
  0.59431915E+01  0.5256015E+01  0.4248974E+01  0.0000000E+00  0.7445577E+00 -0.4242059E+00  0.0000000E+00  0.2986527E+01 -0.2076459E+01  0.0000000E+00  0.0000000E+00  0.0000000E+00  0.0000000E+00
  0.60181913E+01  0.4447504E+01  0.6386530E+01  0.0000000E+00  0.6980585E+00 -0.8116208E+00  0.0000000E+00  0.3438054E+01 -0.4024251E+01  0.0000000E+00  0.0000000E+00  0.0000000E+00  0.0000000E+00
  0.60931916E+01  0.3390927E+01  0.7512121E+01  0.0000000E+00  0.6236275E+00 -0.1166560E+01  0.0000000E+00  0.4226376E+01 -0.6626996E+01  0.0000000E+00  0.0000000E+00  0.0000000E+00  0.0000000E+00
  0.60931916E+01  0.3390927E+01  0.7512121E+01  0.0000000E+00  0.6236275E+00 -0.1166560E+01  0.0000000E+00  0.4226376E+01 -0.6626996E+01  0.0000000E+00  0.0000000E+00  0.0000000E+00  0.0000000E+00
  0.61606913E+01  0.2453960E+01  0.6368877E+01  0.0000000E+00  0.5448848E+00 -0.1166560E+01  0.0000000E+00  0.5169443E+01 -0.7344372E+01  0.0000000E+00  0.0000000E+00  0.0000000E+00  0.0000000E+00
  0.62281914E+01  0.1671330E+01  0.5225633E+01  0.0000000E+00  0.4661420E+00 -0.1166560E+01  0.0000000E+00  0.6209356E+01 -0.8061749E+01  0.0000000E+00  0.0000000E+00  0.0000000E+00  0.0000000E+00
  0.62281923E+01  0.1671320E+01  0.5225616E+01  0.0000000E+00  0.4661408E+00 -0.1166560E+01  0.0000000E+00  0.6209372E+01 -0.8061759E+01  0.0000000E+00  0.0000000E+00  0.0000000E+00  0.0000000E+00
  0.62281923E+01  0.1671320E+01  0.5225616E+01  0.0000000E+00  0.4661408E+00 -0.1166560E+01  0.0000000E+00  0.6209372E+01 -0.8061759E+01  0.0000000E+00  0.0000000E+00  0.0000000E+00  0.0000000E+00
  0.63031926E+01  0.9827477E+00  0.3955344E+01  0.0000000E+00  0.3786488E+00 -0.1166560E+01  0.0000000E+00  0.7478417E+01 -0.8858844E+01  0.0000000E+00  0.0000000E+00  0.0000000E+00  0.0000000E+00
  0.63031926E+01  0.9827477E+00  0.3955344E+01  0.0000000E+00  0.3786488E+00 -0.1166560E+01  0.0000000E+00  0.7478417E+01 -0.8858844E+01  0.0000000E+00  0.0000000E+00  0.0000000E+00  0.0000000E+00
  0.63781929E+01  0.5219303E+00  0.2308650E+01  0.0000000E+00  0.3014668E+00 -0.9016874E+00  0.0000000E+00  0.8383984E+01 -0.2978172E+01  0.0000000E+00  0.0000000E+00  0.0000000E+00  0.0000000E+00
  0.64531927E+01  0.2627278E+00  0.1214747E+01  0.0000000E+00  0.2420685E+00 -0.6900066E+00  0.0000000E+00  0.8337312E+01  0.3588236E+01  0.0000000E+00  0.0000000E+00  0.0000000E+00  0.0000000E+00
  0.64531927E+01  0.2627278E+00  0.1214747E+01  0.0000000E+00  0.2420685E+00 -0.6900066E+00  0.0000000E+00  0.8337312E+01  0.3588236E+01  0.0000000E+00  0.0000000E+00  0.0000000E+00  0.0000000E+00
  0.65281925E+01  0.1335185E+00  0.5080430E+00  0.0000000E+00  0.1903180E+00 -0.6900066E+00  0.0000000E+00  0.7808437E+01  0.3463417E+01  0.0000000E+00  0.0000000E+00  0.0000000E+00  0.0000000E+00
  0.65281935E+01  0.1335175E+00  0.5080336E+00  0.0000000E+00  0.1903173E+00 -0.6900066E+00  0.0000000E+00  0.7808431E+01  0.3463415E+01  0.0000000E+00  0.0000000E+00  0.0000000E+00  0.0000000E+00
  0.65281935E+01  0.1335175E+00  0.5080336E+00  0.0000000E+00  0.1903173E+00 -0.6900066E+00  0.0000000E+00  0.7808431E+01  0.3463415E+01  0.0000000E+00  0.0000000E+00  0.0000000E+00  0.0000000E+00
  0.65857506E+01  0.1062514E+00 -0.3430762E-01  0.0000000E+00  0.1506028E+00 -0.6900066E+00  0.0000000E+00  0.7415258E+01  0.3367626E+01  0.0000000E+00  0.0000000E+00  0.0000000E+00  0.0000000E+00
  0.66433072E+01  0.1414160E+00 -0.5766488E+00  0.0000000E+00  0.1108883E+00 -0.6900066E+00  0.0000000E+00  0.7033113E+01  0.3271836E+01  0.0000000E+00  0.0000000E+00  0.0000000E+00  0.0000000E+00
  0.66433072E+01  0.1414160E+00 -0.5891004E+00  0.0000000E+00  0.1108883E+00 -0.6802430E+00  0.0000000E+00  0.7033113E+01  0.3201809E+01  0.0000000E+00  0.0000000E+00  0.0000000E+00  0.0000000E+00
  0.66433072E+01  0.1414160E+00 -0.5891004E+00  0.0000000E+00  0.1108883E+00 -0.6802430E+00  0.0000000E+00  0.7033113E+01  0.3201809E+01  0.0000000E+00  0.0000000E+00  0.0000000E+00  0.0000000E+00
  0.67173700E+01  0.2726510E+00 -0.1160006E+01  0.0000000E+00  0.6594760E-01 -0.5294341E+00  0.0000000E+00  0.6567616E+01  0.3083323E+01  0.0000000E+00  0.0000000E+00  0.0000000E+00  0.0000000E+00
  0.67914333E+01  0.4763056E+00 -0.1554312E+01  0.0000000E+00  0.3296820E-01 -0.3582794E+00  0.0000000E+00  0.6119671E+01  0.2964837E+01  0.0000000E+00  0.0000000E+00  0.0000000E+00  0.0000000E+00
  0.68654962E+01  0.7213752E+00 -0.1711988E+01  0.0000000E+00  0.1321743E-01 -0.1733563E+00  0.0000000E+00  0.5689277E+01  0.2846351E+01  0.0000000E+00  0.0000000E+00  0.0000000E+00  0.0000000E+00
  0.69395590E+01  0.9705502E+00 -0.1609029E+01  0.0000000E+00  0.7454294E-02  0.1822884E-01  0.0000000E+00  0.5276434E+01  0.2727865E+01  0.0000000E+00  0.0000000E+00  0.0000000E+00  0.0000000E+00
  0.69395590E+01  0.9705502E+00 -0.1609029E+01  0.0000000E+00  0.7454294E-02  0.1822884E-01  0.0000000E+00  0.5276434E+01  0.2727865E+01  0.0000000E+00  0.0000000E+00  0.0000000E+00  0.0000000E+00
  0.69395590E+01  0.9705502E+00 -0.1694485E+01  0.0000000E+00  0.7454294E-02  0.1888519E-01  0.0000000E+00  0.5276434E+01  0.2675328E+01  0.0000000E+00  0.0000000E+00  0.0000000E+00  0.0000000E+00
  0.70222106E+01  0.1277902E+01 -0.2024161E+01  0.0000000E+00  0.9015184E-02  0.1888519E-01  0.0000000E+00  0.4844755E+01  0.2547549E+01  0.0000000E+00  0.0000000E+00  0.0000000E+00  0.0000000E+00
  0.71048622E+01  0.1639750E+01 -0.2353837E+01  0.0000000E+00  0.1057607E-01  0.1888519E-01  0.0000000E+00  0.4434199E+01  0.2419770E+01  0.0000000E+00  0.0000000E+00  0.0000000E+00  0.0000000E+00
  0.71875134E+01  0.2056095E+01 -0.2683513E+01  0.0000000E+00  0.1213696E-01  0.1888519E-01  0.0000000E+00  0.4044765E+01  0.2291990E+01  0.0000000E+00  0.0000000E+00  0.0000000E+00  0.0000000E+00
  0.72701650E+01  0.2526936E+01 -0.3013189E+01  0.0000000E+00  0.1369785E-01  0.1888519E-01  0.0000000E+00  0.3676453E+01  0.2164211E+01  0.0000000E+00  0.0000000E+00  0.0000000E+00  0.0000000E+00
  0.73528166E+01  0.3052273E+01 -0.3342865E+01  0.0000000E+00  0.1525874E-01  0.1888519E-01  0.0000000E+00  0.3329264E+01  0.2036431E+01  0.0000000E+00  0.0000000E+00  0.0000000E+00  0.0000000E+00
  0.74354682E+01  0.3632107E+01 -0.3672541E+01  0.0000000E+00  0.1681963E-01  0.1888519E-01  0.0000000E+00  0.3003197E+01  0.1908652E+01  0.0000000E+00  0.0000000E+00  0.0000000E+00  0.0000000E+00
  0.75181198E+01  0.4266438E+01 -0.4002217E+01  0.0000000E+00  0.1838052E-01  0.1888519E-01  0.0000000E+00  0.2698252E+01  0.1780872E+01  0.0000000E+00  0.0000000E+00  0.0000000E+00  0.0000000E+00
  0.76007710E+01  0.4955264E+01 -0.4331893E+01  0.0000000E+00  0.1994141E-01  0.1888519E-01  0.0000000E+00  0.2414430E+01  0.1653093E+01  0.0000000E+00  0.0000000E+00  0.0000000E+00  0.0000000E+00
  0.76834226E+01  0.5698587E+01 -0.4661570E+01  0.0000000E+00  0.2150230E-01  0.1888519E-01  0.0000000E+00  0.2151730E+01  0.1525313E+01  0.0000000E+00  0.0000000E+00  0.0000000E+00  0.0000000E+00
  0.76834226E+01  0.5698587E+01 -0.4661570E+01  0.0000000E+00  0.2150230E-01  0.1888519E-01  0.0000000E+00  0.2151730E+01  0.1525313E+01  0.0000000E+00  0.0000000E+00  0.0000000E+00  0.0000000E+00
  0.77584229E+01  0.6080153E+01 -0.3304482E+00  0.0000000E+00  0.2230502E-01  0.2420557E-02  0.0000000E+00  0.2046151E+01 -0.9137150E-01  0.0000000E+00  0.0000000E+00  0.0000000E+00  0.0000000E+00
  0.78334227E+01  0.5794055E+01  0.4073465E+01  0.0000000E+00  0.2186200E-01 -0.1417927E-01  0.0000000E+00  0.2180178E+01 -0.1728951E+01  0.0000000E+00  0.0000000E+00  0.0000000E+00  0.0000000E+00
  0.78334227E+01  0.5794055E+01  0.4073465E+01  0.0000000E+00  0.2186200E-01 -0.1417927E-01  0.0000000E+00  0.2180178E+01 -0.1728951E+01  0.0000000E+00  0.0000000E+00  0.0000000E+00  0.0000000E+00
  0.79034228E+01  0.5238648E+01  0.3860917E+01  0.0000000E+00  0.2086945E-01 -0.1417927E-01  0.0000000E+00  0.2431197E+01 -0.1857036E+01  0.0000000E+00  0.0000000E+00  0.0000000E+00  0.0000000E+00
  0.79734225E+01  0.4712998E+01  0.3648368E+01  0.0000000E+00  0.1987690E-01 -0.1417927E-01  0.0000000E+00  0.2700148E+01 -0.1985122E+01  0.0000000E+00  0.0000000E+00  0.0000000E+00  0.0000000E+00
  0.80434227E+01  0.4217105E+01  0.3435819E+01  0.0000000E+00  0.1888435E-01 -0.1417927E-01  0.0000000E+00  0.2987031E+01 -0.2113207E+01  0.0000000E+00  0.0000000E+00  0.0000000E+00  0.0000000E+00
  0.80434227E+01  0.4217105E+01  0.3435819E+01  0.0000000E+00  0.1888435E-01 -0.1417927E-01  0.0000000E+00  0.2987031E+01 -0.2113207E+01  0.0000000E+00  0.0000000E+00  0.0000000E+00  0.0000000E+00
  0.81184225E+01  0.3833414E+01  0.1729846E+01  0.0000000E+00  0.1809254E-01 -0.6987208E-02  0.0000000E+00  0.3221550E+01 -0.9831589E+00  0.0000000E+00  0.0000000E+00  0.0000000E+00  0.0000000E+00
  0.81934223E+01  0.3687974E+01  0.2282199E+00  0.0000000E+00  0.1783115E-01  0.2207946E-09  0.0000000E+00  0.3276262E+01  0.2607875E+00  0.0000000E+00  0.0000000E+00  0.0000000E+00  0.0000000E+00
  0.81934223E+01  0.3687974E+01  0.2282199E+00  0.0000000E+00  0.1783115E-01  0.2207946E-09  0.0000000E+00  0.3276262E+01  0.2607875E+00  0.0000000E+00  0.0000000E+00  0.0000000E+00  0.0000000E+00
  0.82823114E+01  0.3649655E+01  0.2028622E+00  0.0000000E+00  0.1783115E-01  0.2207946E-09  0.0000000E+00  0.3232475E+01  0.2318111E+00  0.0000000E+00  0.0000000E+00  0.0000000E+00  0.0000000E+00
  0.83712006E+01  0.3615845E+01  0.1775045E+00  0.0000000E+00  0.1783115E-01  0.2207946E-09  0.0000000E+00  0.3193840E+01  0.2028348E+00  0.0000000E+00  0.0000000E+00  0.0000000E+00  0.0000000E+00
  0.84600887E+01  0.3586543E+01  0.1521468E+00  0.0000000E+00  0.1783115E-01  0.2207946E-09  0.0000000E+00  0.3160356E+01  0.1738584E+00  0.0000000E+00  0.0000000E+00  0.0000000E+00  0.0000000E+00
  0.85489779E+01  0.3561748E+01  0.1267890E+00  0.0000000E+00  0.1783115E-01  0.2207946E-09  0.0000000E+00  0.3132024E+01  0.1448820E+00  0.0000000E+00  0.0000000E+00  0.0000000E+00  0.0000000E+00
  0.86378670E+01  0.3541462E+01  0.1014313E+00  0.0000000E+00  0.1783115E-01  0.2207946E-09  0.0000000E+00  0.3108843E+01  0.1159056E+00  0.0000000E+00  0.0000000E+00  0.0000000E+00  0.0000000E+00
  0.87267561E+01  0.3525684E+01  0.7607359E-01  0.0000000E+00  0.1783115E-01  0.2207946E-09  0.0000000E+00  0.3090813E+01  0.8692919E-01  0.0000000E+00  0.0000000E+00  0.0000000E+00  0.0000000E+00
  0.88156452E+01  0.3514414E+01  0.5071586E-01  0.0000000E+00  0.1783115E-01  0.2207946E-09  0.0000000E+00  0.3077935E+01  0.5795280E-01  0.0000000E+00  0.0000000E+00  0.0000000E+00  0.0000000E+00
  0.89045334E+01  0.3507652E+01  0.2535814E-01  0.0000000E+00  0.1783115E-01  0.2207946E-09  0.0000000E+00  0.3070207E+01  0.2897641E-01  0.0000000E+00  0.0000000E+00  0.0000000E+00  0.0000000E+00
  0.89934225E+01  0.3505397E+01  0.4204954E-06  0.0000000E+00  0.1783115E-01  0.2207946E-09  0.0000000E+00  0.3067632E+01  0.2443632E-07  0.0000000E+00  0.0000000E+00  0.0000000E+00  0.0000000E+00
  0.90823116E+01  0.3507651E+01 -0.2535730E-01  0.0000000E+00  0.1783115E-01  0.2207946E-09  0.0000000E+00  0.3070207E+01 -0.2897637E-01  0.0000000E+00  0.0000000E+00  0.0000000E+00  0.0000000E+00
  0.91712008E+01  0.3514413E+01 -0.5071502E-01  0.0000000E+00  0.1783115E-01  0.2207946E-09  0.0000000E+00  0.3077935E+01 -0.5795275E-01  0.0000000E+00  0.0000000E+00  0.0000000E+00  0.0000000E+00
  0.92600889E+01  0.3525683E+01 -0.7607275E-01  0.0000000E+00  0.1783115E-01  0.2207946E-09  0.0000000E+00  0.3090813E+01 -0.8692914E-01  0.0000000E+00  0.0000000E+00  0.0000000E+00  0.0000000E+00
  0.93489780E+01  0.3541461E+01 -0.1014305E+00  0.0000000E+00  0.1783115E-01  0.2207946E-09  0.0000000E+00  0.3108843E+01 -0.1159055E+00  0.0000000E+00  0.0000000E+00  0.0000000E+00  0.0000000E+00
  0.94378672E+01  0.3561748E+01 -0.1267882E+00  0.0000000E+00  0.1783115E-01  0.2207946E-09  0.0000000E+00  0.3132024E+01 -0.1448819E+00  0.0000000E+00  0.0000000E+00  0.0000000E+00  0.0000000E+00
  0.95267563E+01  0.3586542E+01 -0.1521459E+00  0.0000000E+00  0.1783115E-01  0.2207946E-09  0.0000000E+00  0.3160356E+01 -0.1738583E+00  0.0000000E+00  0.0000000E+00  0.0000000E+00  0.0000000E+00
  0.96156445E+01  0.3615844E+01 -0.1775036E+00  0.0000000E+00  0.1783115E-01  0.2207946E-09  0.0000000E+00  0.3193840E+01 -0.2028347E+00  0.0000000E+00  0.0000000E+00  0.0000000E+00  0.0000000E+00
  0.97045336E+01  0.3649654E+01 -0.2028614E+00  0.0000000E+00  0.1783115E-01  0.2207946E-09  0.0000000E+00  0.3232475E+01 -0.2318111E+00  0.0000000E+00  0.0000000E+00  0.0000000E+00  0.0000000E+00
  0.97934227E+01  0.3687972E+01 -0.2282191E+00  0.0000000E+00  0.1783115E-01  0.2207946E-09  0.0000000E+00  0.3276262E+01 -0.2607875E+00  0.0000000E+00  0.0000000E+00  0.0000000E+00  0.0000000E+00
  0.97934227E+01  0.3687972E+01 -0.2282191E+00  0.0000000E+00  0.1783115E-01  0.2207946E-09  0.0000000E+00  0.3276262E+01 -0.2607875E+00  0.0000000E+00  0.0000000E+00  0.0000000E+00  0.0000000E+00
  0.98684225E+01  0.3833412E+01 -0.1729845E+01  0.0000000E+00  0.1809254E-01  0.6987209E-02  0.0000000E+00  0.3221549E+01  0.9831589E+00  0.0000000E+00  0.0000000E+00  0.0000000E+00  0.0000000E+00
  0.99434223E+01  0.4217103E+01 -0.3435817E+01  0.0000000E+00  0.1888435E-01  0.1417927E-01  0.0000000E+00  0.2987031E+01  0.2113207E+01  0.0000000E+00  0.0000000E+00  0.0000000E+00  0.0000000E+00
  0.99434223E+01  0.4217103E+01 -0.3435817E+01  0.0000000E+00  0.1888435E-01  0.1417927E-01  0.0000000E+00  0.2987031E+01  0.2113207E+01  0.0000000E+00  0.0000000E+00  0.0000000E+00  0.0000000E+00
  0.10013422E+02  0.4712996E+01 -0.3648366E+01  0.0000000E+00  0.1987690E-01  0.1417927E-01  0.0000000E+00  0.2700148E+01  0.1985122E+01  0.0000000E+00  0.0000000E+00  0.0000000E+00  0.0000000E+00
  0.10083423E+02  0.5238646E+01 -0.3860914E+01  0.0000000E+00  0.2086945E-01  0.1417927E-01  0.0000000E+00  0.2431197E+01  0.1857036E+01  0.0000000E+00  0.0000000E+00  0.0000000E+00  0.0000000E+00
  0.10153422E+02  0.5794052E+01 -0.4073462E+01  0.0000000E+00  0.2186200E-01  0.1417927E-01  0.0000000E+00  0.2180178E+01  0.1728951E+01  0.0000000E+00  0.0000000E+00  0.0000000E+00  0.0000000E+00
  0.10153422E+02  0.5794052E+01 -0.4073462E+01  0.0000000E+00  0.2186200E-01  0.1417927E-01  0.0000000E+00  0.2180178E+01  0.1728951E+01  0.0000000E+00  0.0000000E+00  0.0000000E+00  0.0000000E+00
  0.10228422E+02  0.6080150E+01  0.3304487E+00  0.0000000E+00  0.2230502E-01 -0.2420557E-02  0.0000000E+00  0.2046151E+01  0.9137153E-01  0.0000000E+00  0.0000000E+00  0.0000000E+00  0.0000000E+00
  0.10303423E+02  0.5698585E+01  0.4661568E+01  0.0000000E+00  0.2150230E-01 -0.1888519E-01  0.0000000E+00  0.2151730E+01 -0.1525313E+01  0.0000000E+00  0.0000000E+00  0.0000000E+00  0.0000000E+00
  0.10303423E+02  0.5698585E+01  0.4661568E+01  0.0000000E+00  0.2150230E-01 -0.1888519E-01  0.0000000E+00  0.2151730E+01 -0.1525313E+01  0.0000000E+00  0.0000000E+00  0.0000000E+00  0.0000000E+00
  0.10386074E+02  0.4955262E+01  0.4331892E+01  0.0000000E+00  0.1994141E-01 -0.1888519E-01  0.0000000E+00  0.2414429E+01 -0.1653093E+01  0.0000000E+00  0.0000000E+00  0.0000000E+00  0.0000000E+00
  0.10468726E+02  0.4266435E+01  0.4002216E+01  0.0000000E+00  0.1838052E-01 -0.1888519E-01  0.0000000E+00  0.2698252E+01 -0.1780872E+01  0.0000000E+00  0.0000000E+00  0.0000000E+00  0.0000000E+00
  0.10551377E+02  0.3632105E+01  0.3672540E+01  0.0000000E+00  0.1681963E-01 -0.1888519E-01  0.0000000E+00  0.3003196E+01 -0.1908651E+01  0.0000000E+00  0.0000000E+00  0.0000000E+00  0.0000000E+00
  0.10634028E+02  0.3052271E+01  0.3342864E+01  0.0000000E+00  0.1525874E-01 -0.1888519E-01  0.0000000E+00  0.3329263E+01 -0.2036431E+01  0.0000000E+00  0.0000000E+00  0.0000000E+00  0.0000000E+00
  0.10716681E+02  0.2526934E+01  0.3013188E+01  0.0000000E+00  0.1369785E-01 -0.1888519E-01  0.0000000E+00  0.3676453E+01 -0.2164211E+01  0.0000000E+00  0.0000000E+00  0.0000000E+00  0.0000000E+00
  0.10799332E+02  0.2056093E+01  0.2683512E+01  0.0000000E+00  0.1213696E-01 -0.1888519E-01  0.0000000E+00  0.4044765E+01 -0.2291990E+01  0.0000000E+00  0.0000000E+00  0.0000000E+00  0.0000000E+00
  0.10881983E+02  0.1639749E+01  0.2353836E+01  0.0000000E+00  0.1057607E-01 -0.1888519E-01  0.0000000E+00  0.4434198E+01 -0.2419769E+01  0.0000000E+00  0.0000000E+00  0.0000000E+00  0.0000000E+00
  0.10964635E+02  0.1277901E+01  0.2024160E+01  0.0000000E+00  0.9015184E-02 -0.1888519E-01  0.0000000E+00  0.4844755E+01 -0.2547549E+01  0.0000000E+00  0.0000000E+00  0.0000000E+00  0.0000000E+00
  0.11047286E+02  0.9705494E+00  0.1694484E+01  0.0000000E+00  0.7454295E-02 -0.1888519E-01  0.0000000E+00  0.5276433E+01 -0.2675328E+01  0.0000000E+00  0.0000000E+00  0.0000000E+00  0.0000000E+00
  0.11047286E+02  0.9705494E+00  0.1609028E+01  0.0000000E+00  0.7454295E-02 -0.1822885E-01  0.0000000E+00  0.5276433E+01 -0.2727865E+01  0.0000000E+00  0.0000000E+00  0.0000000E+00  0.0000000E+00
  0.11047286E+02  0.9705494E+00  0.1609028E+01  0.0000000E+00  0.7454295E-02 -0.1822885E-01  0.0000000E+00  0.5276433E+01 -0.2727865E+01  0.0000000E+00  0.0000000E+00  0.0000000E+00  0.0000000E+00
  0.11121349E+02  0.7213746E+00  0.1711986E+01  0.0000000E+00  0.1321743E-01  0.1733563E+00  0.0000000E+00  0.5689277E+01 -0.2846351E+01  0.0000000E+00  0.0000000E+00  0.0000000E+00  0.0000000E+00
  0.11195412E+02  0.4763052E+00  0.1554310E+01  0.0000000E+00  0.3296820E-01  0.3582794E+00  0.0000000E+00  0.6119671E+01 -0.2964837E+01  0.0000000E+00  0.0000000E+00  0.0000000E+00  0.0000000E+00
  0.11269475E+02  0.2726508E+00  0.1160005E+01  0.0000000E+00  0.6594760E-01  0.5294341E+00  0.0000000E+00  0.6567616E+01 -0.3083323E+01  0.0000000E+00  0.0000000E+00  0.0000000E+00  0.0000000E+00
  0.11343538E+02  0.1414160E+00  0.5890995E+00  0.0000000E+00  0.1108883E+00  0.6802430E+00  0.0000000E+00  0.7033112E+01 -0.3201809E+01  0.0000000E+00  0.0000000E+00  0.0000000E+00  0.0000000E+00
  0.11343538E+02  0.1414160E+00  0.5890995E+00  0.0000000E+00  0.1108883E+00  0.6802430E+00  0.0000000E+00  0.7033112E+01 -0.3201809E+01  0.0000000E+00  0.0000000E+00  0.0000000E+00  0.0000000E+00
  0.11343538E+02  0.1414160E+00  0.5766479E+00  0.0000000E+00  0.1108883E+00  0.6900066E+00  0.0000000E+00  0.7033112E+01 -0.3271836E+01  0.0000000E+00  0.0000000E+00  0.0000000E+00  0.0000000E+00
  0.11401094E+02  0.1062514E+00  0.3430702E-01  0.0000000E+00  0.1506028E+00  0.6900066E+00  0.0000000E+00  0.7415258E+01 -0.3367625E+01  0.0000000E+00  0.0000000E+00  0.0000000E+00  0.0000000E+00
  0.11458652E+02  0.1335176E+00 -0.5080338E+00  0.0000000E+00  0.1903173E+00  0.6900066E+00  0.0000000E+00  0.7808430E+01 -0.3463415E+01  0.0000000E+00  0.0000000E+00  0.0000000E+00  0.0000000E+00
  0.11458652E+02  0.1335186E+00 -0.5080432E+00  0.0000000E+00  0.1903180E+00  0.6900066E+00  0.0000000E+00  0.7808437E+01 -0.3463416E+01  0.0000000E+00  0.0000000E+00  0.0000000E+00  0.0000000E+00
  0.11458652E+02  0.1335186E+00 -0.5080432E+00  0.0000000E+00  0.1903180E+00  0.6900066E+00  0.0000000E+00  0.7808437E+01 -0.3463416E+01  0.0000000E+00  0.0000000E+00  0.0000000E+00  0.0000000E+00
  0.11533653E+02  0.2627279E+00 -0.1214747E+01  0.0000000E+00  0.2420685E+00  0.6900066E+00  0.0000000E+00  0.8337311E+01 -0.3588236E+01  0.0000000E+00  0.0000000E+00  0.0000000E+00  0.0000000E+00
  0.11533653E+02  0.2627279E+00 -0.1214747E+01  0.0000000E+00  0.2420685E+00  0.6900066E+00  0.0000000E+00  0.8337311E+01 -0.3588236E+01  0.0000000E+00  0.0000000E+00  0.0000000E+00  0.0000000E+00
  0.11608653E+02  0.5219303E+00 -0.2308649E+01  0.0000000E+00  0.3014668E+00  0.9016874E+00  0.0000000E+00  0.8383983E+01  0.2978172E+01  0.0000000E+00  0.0000000E+00  0.0000000E+00  0.0000000E+00
  0.11683653E+02  0.9827477E+00 -0.3955343E+01  0.0000000E+00  0.3786488E+00  0.1166560E+01  0.0000000E+00  0.7478417E+01  0.8858843E+01  0.0000000E+00  0.0000000E+00  0.0000000E+00  0.0000000E+00
  0.11683653E+02  0.9827477E+00 -0.3955343E+01  0.0000000E+00  0.3786488E+00  0.1166560E+01  0.0000000E+00  0.7478417E+01  0.8858843E+01  0.0000000E+00  0.0000000E+00  0.0000000E+00  0.0000000E+00
  0.11758653E+02  0.1671320E+01 -0.5225614E+01  0.0000000E+00  0.4661408E+00  0.1166560E+01  0.0000000E+00  0.6209372E+01  0.8061758E+01  0.0000000E+00  0.0000000E+00  0.0000000E+00  0.0000000E+00
  0.11758654E+02  0.1671330E+01 -0.5225631E+01  0.0000000E+00  0.4661420E+00  0.1166560E+01  0.0000000E+00  0.6209356E+01  0.8061748E+01  0.0000000E+00  0.0000000E+00  0.0000000E+00  0.0000000E+00
  0.11758654E+02  0.1671330E+01 -0.5225631E+01  0.0000000E+00  0.4661420E+00  0.1166560E+01  0.0000000E+00  0.6209356E+01  0.8061748E+01  0.0000000E+00  0.0000000E+00  0.0000000E+00  0.0000000E+00
  0.11826154E+02  0.2453959E+01 -0.6368875E+01  0.0000000E+00  0.5448848E+00  0.1166560E+01  0.0000000E+00  0.5169443E+01  0.7344371E+01  0.0000000E+00  0.0000000E+00  0.0000000E+00  0.0000000E+00
  0.11893654E+02  0.3390926E+01 -0.7512118E+01  0.0000000E+00  0.6236275E+00  0.1166560E+01  0.0000000E+00  0.4226375E+01  0.6626995E+01  0.0000000E+00  0.0000000E+00  0.0000000E+00  0.0000000E+00
  0.11893654E+02  0.3390926E+01 -0.7512118E+01  0.0000000E+00  0.6236275E+00  0.1166560E+01  0.0000000E+00  0.4226375E+01  0.6626995E+01  0.0000000E+00  0.0000000E+00  0.0000000E+00  0.0000000E+00
  0.11968654E+02  0.4447503E+01 -0.6386528E+01  0.0000000E+00  0.6980585E+00  0.8116208E+00  0.0000000E+00  0.3438053E+01  0.4024251E+01  0.0000000E+00  0.0000000E+00  0.0000000E+00  0.0000000E+00
  0.12043653E+02  0.5256014E+01 -0.4248972E+01  0.0000000E+00  0.7445577E+00  0.4242059E+00  0.0000000E+00  0.2986527E+01  0.2076459E+01  0.0000000E+00  0.0000000E+00  0.0000000E+00  0.0000000E+00
  0.12043653E+02  0.5256014E+01 -0.4248972E+01  0.0000000E+00  0.7445577E+00  0.4242059E+00  0.0000000E+00  0.2986527E+01  0.2076459E+01  0.0000000E+00  0.0000000E+00  0.0000000E+00  0.0000000E+00
  0.12126987E+02  0.5989350E+01 -0.4551066E+01  0.0000000E+00  0.7799082E+00  0.4242059E+00  0.0000000E+00  0.2652801E+01  0.1928247E+01  0.0000000E+00  0.0000000E+00  0.0000000E+00  0.0000000E+00
  0.12210320E+02  0.6773036E+01 -0.4853161E+01  0.0000000E+00  0.8152587E+00  0.4242059E+00  0.0000000E+00  0.2343778E+01  0.1780034E+01  0.0000000E+00  0.0000000E+00  0.0000000E+00  0.0000000E+00
  0.12293653E+02  0.7607071E+01 -0.5155256E+01  0.0000000E+00  0.8506092E+00  0.4242059E+00  0.0000000E+00  0.2059456E+01  0.1631822E+01  0.0000000E+00  0.0000000E+00  0.0000000E+00  0.0000000E+00
  0.12293654E+02  0.7607081E+01 -0.5155259E+01  0.0000000E+00  0.8506096E+00  0.4242059E+00  0.0000000E+00  0.2059453E+01  0.1631820E+01  0.0000000E+00  0.0000000E+00  0.0000000E+00  0.0000000E+00
  0.12293654E+02  0.7607081E+01 -0.5155259E+01  0.0000000E+00  0.8506096E+00  0.4242059E+00  0.0000000E+00  0.2059453E+01  0.1631820E+01  0.0000000E+00  0.0000000E+00  0.0000000E+00  0.0000000E+00
  0.12368655E+02  0.8400762E+01 -0.5427145E+01  0.0000000E+00  0.8824251E+00  0.4242059E+00  0.0000000E+00  0.1824684E+01  0.1498429E+01  0.0000000E+00  0.0000000E+00  0.0000000E+00  0.0000000E+00
  0.12368655E+02  0.8400762E+01 -0.5427145E+01  0.0000000E+00  0.8824251E+00  0.4242059E+00  0.0000000E+00  0.1824684E+01  0.1498429E+01  0.0000000E+00  0.0000000E+00  0.0000000E+00  0.0000000E+00
  0.12443655E+02  0.8453010E+01  0.4751523E+01  0.0000000E+00  0.8743542E+00 -0.6378116E+00  0.0000000E+00  0.1765701E+01 -0.6885324E+00  0.0000000E+00  0.0000000E+00  0.0000000E+00  0.0000000E+00
  0.12518655E+02  0.7059303E+01  0.1327039E+02  0.0000000E+00  0.7881819E+00 -0.1642857E+01  0.0000000E+00  0.2043862E+01 -0.3130885E+01  0.0000000E+00  0.0000000E+00  0.0000000E+00  0.0000000E+00
  0.12518655E+02  0.7059303E+01  0.1327039E+02  0.0000000E+00  0.7881819E+00 -0.1642857E+01  0.0000000E+00  0.2043862E+01 -0.3130885E+01  0.0000000E+00  0.0000000E+00  0.0000000E+00  0.0000000E+00
  0.12588655E+02  0.5324380E+01  0.1151423E+02  0.0000000E+00  0.6731820E+00 -0.1642857E+01  0.0000000E+00  0.2508084E+01 -0.3500856E+01  0.0000000E+00  0.0000000E+00  0.0000000E+00  0.0000000E+00
  0.12658655E+02  0.3835318E+01  0.9758080E+01  0.0000000E+00  0.5581819E+00 -0.1642857E+01  0.0000000E+00  0.3024102E+01 -0.3870827E+01  0.0000000E+00  0.0000000E+00  0.0000000E+00  0.0000000E+00
  0.12728655E+02  0.2592118E+01  0.8001926E+01  0.0000000E+00  0.4431820E+00 -0.1642857E+01  0.0000000E+00  0.3591916E+01 -0.4240799E+01  0.0000000E+00  0.0000000E+00  0.0000000E+00  0.0000000E+00
  0.12728655E+02  0.2592118E+01  0.8001926E+01  0.0000000E+00  0.4431820E+00 -0.1642857E+01  0.0000000E+00  0.3591916E+01 -0.4240799E+01  0.0000000E+00  0.0000000E+00  0.0000000E+00  0.0000000E+00
  0.12803655E+02  0.1724831E+01  0.3946310E+01  0.0000000E+00  0.3403289E+00 -0.1122800E+01  0.0000000E+00  0.3866355E+01  0.7048959E+00  0.0000000E+00  0.0000000E+00  0.0000000E+00  0.0000000E+00
  0.12878654E+02  0.1327381E+01  0.1529190E+01  0.0000000E+00  0.2719297E+00 -0.7164123E+00  0.0000000E+00  0.3394319E+01  0.5376867E+01  0.0000000E+00  0.0000000E+00  0.0000000E+00  0.0000000E+00
  0.12878654E+02  0.1327381E+01  0.1529190E+01  0.0000000E+00  0.2719297E+00 -0.7164123E+00  0.0000000E+00  0.3394319E+01  0.5376867E+01  0.0000000E+00  0.0000000E+00  0.0000000E+00  0.0000000E+00
  0.12953692E+02  0.1112048E+01  0.1340467E+01  0.0000000E+00  0.2181717E+00 -0.7164123E+00  0.0000000E+00  0.2637000E+01  0.4715635E+01  0.0000000E+00  0.0000000E+00  0.0000000E+00  0.0000000E+00
  0.13028730E+02  0.9250380E+00  0.1151743E+01  0.0000000E+00  0.1644137E+00 -0.7164123E+00  0.0000000E+00  0.1978915E+01  0.4054402E+01  0.0000000E+00  0.0000000E+00  0.0000000E+00  0.0000000E+00
  0.13103768E+02  0.7663507E+00  0.9630197E+00  0.0000000E+00  0.1106557E+00 -0.7164123E+00  0.0000000E+00  0.1420066E+01  0.3393170E+01  0.0000000E+00  0.0000000E+00  0.0000000E+00  0.0000000E+00
  0.13103768E+02  0.7663507E+00  0.8955430E+00  0.0000000E+00  0.1106557E+00 -0.7066692E+00  0.0000000E+00  0.1420066E+01  0.3379030E+01  0.0000000E+00  0.0000000E+00  0.0000000E+00  0.0000000E+00
  0.13103768E+02  0.7663507E+00  0.8955430E+00  0.0000000E+00  0.1106557E+00 -0.7066692E+00  0.0000000E+00  0.1420066E+01  0.3379030E+01  0.0000000E+00  0.0000000E+00  0.0000000E+00  0.0000000E+00
  0.13177832E+02  0.6206466E+00  0.1046409E+01  0.0000000E+00  0.6377482E-01 -0.5552322E+00  0.0000000E+00  0.9675098E+00  0.2731382E+01  0.0000000E+00  0.0000000E+00  0.0000000E+00  0.0000000E+00
  0.13251894E+02  0.4642562E+00  0.1037969E+01  0.0000000E+00  0.2893873E-01 -0.3824581E+00  0.0000000E+00  0.6108878E+00  0.2083733E+01  0.0000000E+00  0.0000000E+00  0.0000000E+00  0.0000000E+00
  0.13325957E+02  0.3209887E+00  0.8715081E+00  0.0000000E+00  0.7486122E-02 -0.1949863E+00  0.0000000E+00  0.3501994E+00  0.1436085E+01  0.0000000E+00  0.0000000E+00  0.0000000E+00  0.0000000E+00
  0.13400021E+02  0.2126551E+00  0.5723676E+00  0.0000000E+00  0.2414070E-03 -0.2125713E-04  0.0000000E+00  0.1854446E+00  0.7884361E+00  0.0000000E+00  0.0000000E+00  0.0000000E+00  0.0000000E+00
  0.13400021E+02  0.2126551E+00  0.5723676E+00  0.0000000E+00  0.2414070E-03 -0.2125713E-04  0.0000000E+00  0.1854446E+00  0.7884361E+00  0.0000000E+00  0.0000000E+00  0.0000000E+00  0.0000000E+00
  0.13400021E+02  0.2126551E+00  0.5536435E+00  0.0000000E+00  0.2414070E-03 -0.1407885E-08  0.0000000E+00  0.1854446E+00  0.7865897E+00  0.0000000E+00  0.0000000E+00  0.0000000E+00  0.0000000E+00
  0.13445078E+02  0.1752370E+00  0.2768215E+00  0.0000000E+00  0.2414069E-03 -0.1407885E-08  0.0000000E+00  0.1322829E+00  0.3932948E+00  0.0000000E+00  0.0000000E+00  0.0000000E+00  0.0000000E+00
  0.13490134E+02  0.1627643E+00 -0.4805015E-06  0.0000000E+00  0.2414068E-03 -0.1407885E-08  0.0000000E+00  0.1145623E+00 -0.7887358E-08  0.0000000E+00  0.0000000E+00  0.0000000E+00  0.0000000E+00
  0.13535191E+02  0.1752371E+00 -0.2768225E+00  0.0000000E+00  0.2414068E-03 -0.1407885E-08  0.0000000E+00  0.1322829E+00 -0.3932948E+00  0.0000000E+00  0.0000000E+00  0.0000000E+00  0.0000000E+00
  0.13580248E+02  0.2126552E+00 -0.5536445E+00  0.0000000E+00  0.2414067E-03 -0.1407885E-08  0.0000000E+00  0.1854446E+00 -0.7865897E+00  0.0000000E+00  0.0000000E+00  0.0000000E+00  0.0000000E+00
  0.13580248E+02  0.2126552E+00 -0.5723686E+00  0.0000000E+00  0.2414067E-03  0.2125429E-04  0.0000000E+00  0.1854446E+00 -0.7884361E+00  0.0000000E+00  0.0000000E+00  0.0000000E+00  0.0000000E+00
  0.13580248E+02  0.2126552E+00 -0.5723686E+00  0.0000000E+00  0.2414067E-03  0.2125429E-04  0.0000000E+00  0.1854446E+00 -0.7884361E+00  0.0000000E+00  0.0000000E+00  0.0000000E+00  0.0000000E+00
  0.13654310E+02  0.3209890E+00 -0.8715089E+00  0.0000000E+00  0.7486122E-02  0.1949863E+00  0.0000000E+00  0.3501994E+00 -0.1436085E+01  0.0000000E+00  0.0000000E+00  0.0000000E+00  0.0000000E+00
  0.13728374E+02  0.4642566E+00 -0.1037970E+01  0.0000000E+00  0.2893873E-01  0.3824581E+00  0.0000000E+00  0.6108878E+00 -0.2083733E+01  0.0000000E+00  0.0000000E+00  0.0000000E+00  0.0000000E+00
  0.13802437E+02  0.6206471E+00 -0.1046409E+01  0.0000000E+00  0.6377482E-01  0.5552322E+00  0.0000000E+00  0.9675099E+00 -0.2731382E+01  0.0000000E+00  0.0000000E+00  0.0000000E+00  0.0000000E+00
  0.13876499E+02  0.7663512E+00 -0.8955428E+00  0.0000000E+00  0.1106557E+00  0.7066692E+00  0.0000000E+00  0.1420066E+01 -0.3379031E+01  0.0000000E+00  0.0000000E+00  0.0000000E+00  0.0000000E+00
  0.13876499E+02  0.7663512E+00 -0.8955428E+00  0.0000000E+00  0.1106557E+00  0.7066692E+00  0.0000000E+00  0.1420066E+01 -0.3379031E+01  0.0000000E+00  0.0000000E+00  0.0000000E+00  0.0000000E+00
  0.13876499E+02  0.7663512E+00 -0.9630195E+00  0.0000000E+00  0.1106557E+00  0.7164123E+00  0.0000000E+00  0.1420066E+01 -0.3393170E+01  0.0000000E+00  0.0000000E+00  0.0000000E+00  0.0000000E+00
  0.13951537E+02  0.9250384E+00 -0.1151743E+01  0.0000000E+00  0.1644137E+00  0.7164123E+00  0.0000000E+00  0.1978915E+01 -0.4054402E+01  0.0000000E+00  0.0000000E+00  0.0000000E+00  0.0000000E+00
  0.14026575E+02  0.1112048E+01 -0.1340466E+01  0.0000000E+00  0.2181717E+00  0.7164123E+00  0.0000000E+00  0.2637000E+01 -0.4715635E+01  0.0000000E+00  0.0000000E+00  0.0000000E+00  0.0000000E+00
  0.14101613E+02  0.1327381E+01 -0.1529190E+01  0.0000000E+00  0.2719297E+00  0.7164123E+00  0.0000000E+00  0.3394319E+01 -0.5376867E+01  0.0000000E+00  0.0000000E+00  0.0000000E+00  0.0000000E+00
  0.14101613E+02  0.1327381E+01 -0.1529190E+01  0.0000000E+00  0.2719297E+00  0.7164123E+00  0.0000000E+00  0.3394319E+01 -0.5376867E+01  0.0000000E+00  0.0000000E+00  0.0000000E+00  0.0000000E+00
  0.14176613E+02  0.1724831E+01 -0.3946309E+01  0.0000000E+00  0.3403289E+00  0.1122800E+01  0.0000000E+00  0.3866355E+01 -0.7048959E+00  0.0000000E+00  0.0000000E+00  0.0000000E+00  0.0000000E+00
  0.14251613E+02  0.2592118E+01 -0.8001925E+01  0.0000000E+00  0.4431820E+00  0.1642857E+01  0.0000000E+00  0.3591916E+01  0.4240799E+01  0.0000000E+00  0.0000000E+00  0.0000000E+00  0.0000000E+00
  0.14251613E+02  0.2592118E+01 -0.8001925E+01  0.0000000E+00  0.4431820E+00  0.1642857E+01  0.0000000E+00  0.3591916E+01  0.4240799E+01  0.0000000E+00  0.0000000E+00  0.0000000E+00  0.0000000E+00
  0.14321612E+02  0.3835318E+01 -0.9758080E+01  0.0000000E+00  0.5581819E+00  0.1642857E+01  0.0000000E+00  0.3024102E+01  0.3870827E+01  0.0000000E+00  0.0000000E+00  0.0000000E+00  0.0000000E+00
  0.14391613E+02  0.5324380E+01 -0.1151423E+02  0.0000000E+00  0.6731820E+00  0.1642857E+01  0.0000000E+00  0.2508084E+01  0.3500856E+01  0.0000000E+00  0.0000000E+00  0.0000000E+00  0.0000000E+00
  0.14461613E+02  0.7059303E+01 -0.1327039E+02  0.0000000E+00  0.7881819E+00  0.1642857E+01  0.0000000E+00  0.2043862E+01  0.3130885E+01  0.0000000E+00  0.0000000E+00  0.0000000E+00  0.0000000E+00
  0.14461613E+02  0.7059303E+01 -0.1327039E+02  0.0000000E+00  0.7881819E+00  0.1642857E+01  0.0000000E+00  0.2043862E+01  0.3130885E+01  0.0000000E+00  0.0000000E+00  0.0000000E+00  0.0000000E+00
  0.14536613E+02  0.8453010E+01 -0.4751522E+01  0.0000000E+00  0.8743542E+00  0.6378116E+00  0.0000000E+00  0.1765701E+01  0.6885324E+00  0.0000000E+00  0.0000000E+00  0.0000000E+00  0.0000000E+00
  0.14611613E+02  0.8400761E+01  0.5427145E+01  0.0000000E+00  0.8824250E+00 -0.4242059E+00  0.0000000E+00  0.1824684E+01 -0.1498429E+01  0.0000000E+00  0.0000000E+00  0.0000000E+00  0.0000000E+00
  0.14611613E+02  0.8400761E+01  0.5427145E+01  0.0000000E+00  0.8824250E+00 -0.4242059E+00  0.0000000E+00  0.1824684E+01 -0.1498429E+01  0.0000000E+00  0.0000000E+00  0.0000000E+00  0.0000000E+00
  0.14686613E+02  0.7607080E+01  0.5155260E+01  0.0000000E+00  0.8506096E+00 -0.4242059E+00  0.0000000E+00  0.2059453E+01 -0.1631820E+01  0.0000000E+00  0.0000000E+00  0.0000000E+00  0.0000000E+00
  0.14686614E+02  0.7607070E+01  0.5155256E+01  0.0000000E+00  0.8506092E+00 -0.4242059E+00  0.0000000E+00  0.2059456E+01 -0.1631822E+01  0.0000000E+00  0.0000000E+00  0.0000000E+00  0.0000000E+00
  0.14686614E+02  0.7607070E+01  0.5155256E+01  0.0000000E+00  0.8506092E+00 -0.4242059E+00  0.0000000E+00  0.2059456E+01 -0.1631822E+01  0.0000000E+00  0.0000000E+00  0.0000000E+00  0.0000000E+00
  0.14769947E+02  0.6773036E+01  0.4853161E+01  0.0000000E+00  0.8152587E+00 -0.4242059E+00  0.0000000E+00  0.2343778E+01 -0.1780034E+01  0.0000000E+00  0.0000000E+00  0.0000000E+00  0.0000000E+00
  0.14853281E+02  0.5989350E+01  0.4551067E+01  0.0000000E+00  0.7799082E+00 -0.4242059E+00  0.0000000E+00  0.2652801E+01 -0.1928247E+01  0.0000000E+00  0.0000000E+00  0.0000000E+00  0.0000000E+00
  0.14936614E+02  0.5256013E+01  0.4248972E+01  0.0000000E+00  0.7445577E+00 -0.4242059E+00  0.0000000E+00  0.2986527E+01 -0.2076459E+01  0.0000000E+00  0.0000000E+00  0.0000000E+00  0.0000000E+00
  0.14936614E+02  0.5256013E+01  0.4248972E+01  0.0000000E+00  0.7445577E+00 -0.4242059E+00  0.0000000E+00  0.2986527E+01 -0.2076459E+01  0.0000000E+00  0.0000000E+00  0.0000000E+00  0.0000000E+00
  0.15011614E+02  0.4447502E+01  0.6386527E+01  0.0000000E+00  0.6980585E+00 -0.8116208E+00  0.0000000E+00  0.3438053E+01 -0.4024251E+01  0.0000000E+00  0.0000000E+00  0.0000000E+00  0.0000000E+00
  0.15086614E+02  0.3390925E+01  0.7512118E+01  0.0000000E+00  0.6236275E+00 -0.1166560E+01  0.0000000E+00  0.4226375E+01 -0.6626995E+01  0.0000000E+00  0.0000000E+00  0.0000000E+00  0.0000000E+00
  0.15086614E+02  0.3390925E+01  0.7512118E+01  0.0000000E+00  0.6236275E+00 -0.1166560E+01  0.0000000E+00  0.4226375E+01 -0.6626995E+01  0.0000000E+00  0.0000000E+00  0.0000000E+00  0.0000000E+00
  0.15154114E+02  0.2453959E+01  0.6368874E+01  0.0000000E+00  0.5448848E+00 -0.1166560E+01  0.0000000E+00  0.5169443E+01 -0.7344371E+01  0.0000000E+00  0.0000000E+00  0.0000000E+00  0.0000000E+00
  0.15221614E+02  0.1671329E+01  0.5225630E+01  0.0000000E+00  0.4661420E+00 -0.1166560E+01  0.0000000E+00  0.6209355E+01 -0.8061748E+01  0.0000000E+00  0.0000000E+00  0.0000000E+00  0.0000000E+00
  0.15221615E+02  0.1671319E+01  0.5225613E+01  0.0000000E+00  0.4661408E+00 -0.1166560E+01  0.0000000E+00  0.6209372E+01 -0.8061758E+01  0.0000000E+00  0.0000000E+00  0.0000000E+00  0.0000000E+00
  0.15221615E+02  0.1671319E+01  0.5225613E+01  0.0000000E+00  0.4661408E+00 -0.1166560E+01  0.0000000E+00  0.6209372E+01 -0.8061758E+01  0.0000000E+00  0.0000000E+00  0.0000000E+00  0.0000000E+00
  0.15296616E+02  0.9827473E+00  0.3955343E+01  0.0000000E+00  0.3786488E+00 -0.1166560E+01  0.0000000E+00  0.7478417E+01 -0.8858843E+01  0.0000000E+00  0.0000000E+00  0.0000000E+00  0.0000000E+00
  0.15296616E+02  0.9827473E+00  0.3955343E+01  0.0000000E+00  0.3786488E+00 -0.1166560E+01  0.0000000E+00  0.7478417E+01 -0.8858843E+01  0.0000000E+00  0.0000000E+00  0.0000000E+00  0.0000000E+00
  0.15371615E+02  0.5219300E+00  0.2308648E+01  0.0000000E+00  0.3014668E+00 -0.9016874E+00  0.0000000E+00  0.8383983E+01 -0.2978172E+01  0.0000000E+00  0.0000000E+00  0.0000000E+00  0.0000000E+00
  0.15446615E+02  0.2627277E+00  0.1214746E+01  0.0000000E+00  0.2420685E+00 -0.6900066E+00  0.0000000E+00  0.8337311E+01  0.3588236E+01  0.0000000E+00  0.0000000E+00  0.0000000E+00  0.0000000E+00
  0.15446615E+02  0.2627277E+00  0.1214746E+01  0.0000000E+00  0.2420685E+00 -0.6900066E+00  0.0000000E+00  0.8337311E+01  0.3588236E+01  0.0000000E+00  0.0000000E+00  0.0000000E+00  0.0000000E+00
  0.15521615E+02  0.1335185E+00  0.5080425E+00  0.0000000E+00  0.1903180E+00 -0.6900066E+00  0.0000000E+00  0.7808437E+01  0.3463416E+01  0.0000000E+00  0.0000000E+00  0.0000000E+00  0.0000000E+00
  0.15521616E+02  0.1335175E+00  0.5080330E+00  0.0000000E+00  0.1903173E+00 -0.6900066E+00  0.0000000E+00  0.7808430E+01  0.3463415E+01  0.0000000E+00  0.0000000E+00  0.0000000E+00  0.0000000E+00
  0.15521616E+02  0.1335175E+00  0.5080330E+00  0.0000000E+00  0.1903173E+00 -0.6900066E+00  0.0000000E+00  0.7808430E+01  0.3463415E+01  0.0000000E+00  0.0000000E+00  0.0000000E+00  0.0000000E+00
  0.15579172E+02  0.1062514E+00 -0.3430795E-01  0.0000000E+00  0.1506028E+00 -0.6900066E+00  0.0000000E+00  0.7415258E+01  0.3367625E+01  0.0000000E+00  0.0000000E+00  0.0000000E+00  0.0000000E+00
  0.15636729E+02  0.1414161E+00 -0.5766490E+00  0.0000000E+00  0.1108883E+00 -0.6900066E+00  0.0000000E+00  0.7033112E+01  0.3271836E+01  0.0000000E+00  0.0000000E+00  0.0000000E+00  0.0000000E+00
  0.15636729E+02  0.1414161E+00 -0.5891005E+00  0.0000000E+00  0.1108883E+00 -0.6802430E+00  0.0000000E+00  0.7033112E+01  0.3201809E+01  0.0000000E+00  0.0000000E+00  0.0000000E+00  0.0000000E+00
  0.15636729E+02  0.1414161E+00 -0.5891005E+00  0.0000000E+00  0.1108883E+00 -0.6802430E+00  0.0000000E+00  0.7033112E+01  0.3201809E+01  0.0000000E+00  0.0000000E+00  0.0000000E+00  0.0000000E+00
  0.15710793E+02  0.2726511E+00 -0.1160006E+01  0.0000000E+00  0.6594760E-01 -0.5294341E+00  0.0000000E+00  0.6567616E+01  0.3083323E+01  0.0000000E+00  0.0000000E+00  0.0000000E+00  0.0000000E+00
  0.15784855E+02  0.4763056E+00 -0.1554312E+01  0.0000000E+00  0.3296820E-01 -0.3582794E+00  0.0000000E+00  0.6119671E+01  0.2964837E+01  0.0000000E+00  0.0000000E+00  0.0000000E+00  0.0000000E+00
  0.15858918E+02  0.7213752E+00 -0.1711987E+01  0.0000000E+00  0.1321743E-01 -0.1733563E+00  0.0000000E+00  0.5689277E+01  0.2846351E+01  0.0000000E+00  0.0000000E+00  0.0000000E+00  0.0000000E+00
  0.15932981E+02  0.9705501E+00 -0.1609028E+01  0.0000000E+00  0.7454296E-02  0.1822885E-01  0.0000000E+00  0.5276433E+01  0.2727865E+01  0.0000000E+00  0.0000000E+00  0.0000000E+00  0.0000000E+00
  0.15932981E+02  0.9705501E+00 -0.1609028E+01  0.0000000E+00  0.7454296E-02  0.1822885E-01  0.0000000E+00  0.5276433E+01  0.2727865E+01  0.0000000E+00  0.0000000E+00  0.0000000E+00  0.0000000E+00
  0.15932981E+02  0.9705501E+00 -0.1694485E+01  0.0000000E+00  0.7454296E-02  0.1888519E-01  0.0000000E+00  0.5276433E+01  0.2675328E+01  0.0000000E+00  0.0000000E+00  0.0000000E+00  0.0000000E+00
  0.16015633E+02  0.1277902E+01 -0.2024160E+01  0.0000000E+00  0.9015186E-02  0.1888519E-01  0.0000000E+00  0.4844755E+01  0.2547549E+01  0.0000000E+00  0.0000000E+00  0.0000000E+00  0.0000000E+00
  0.16098284E+02  0.1639750E+01 -0.2353836E+01  0.0000000E+00  0.1057607E-01  0.1888519E-01  0.0000000E+00  0.4434198E+01  0.2419769E+01  0.0000000E+00  0.0000000E+00  0.0000000E+00  0.0000000E+00
  0.16180937E+02  0.2056094E+01 -0.2683512E+01  0.0000000E+00  0.1213696E-01  0.1888519E-01  0.0000000E+00  0.4044765E+01  0.2291990E+01  0.0000000E+00  0.0000000E+00  0.0000000E+00  0.0000000E+00
  0.16263588E+02  0.2526935E+01 -0.3013188E+01  0.0000000E+00  0.1369785E-01  0.1888519E-01  0.0000000E+00  0.3676453E+01  0.2164210E+01  0.0000000E+00  0.0000000E+00  0.0000000E+00  0.0000000E+00
  0.16346239E+02  0.3052272E+01 -0.3342864E+01  0.0000000E+00  0.1525874E-01  0.1888519E-01  0.0000000E+00  0.3329263E+01  0.2036431E+01  0.0000000E+00  0.0000000E+00  0.0000000E+00  0.0000000E+00
  0.16428890E+02  0.3632106E+01 -0.3672540E+01  0.0000000E+00  0.1681963E-01  0.1888519E-01  0.0000000E+00  0.3003196E+01  0.1908651E+01  0.0000000E+00  0.0000000E+00  0.0000000E+00  0.0000000E+00
  0.16511543E+02  0.4266436E+01 -0.4002216E+01  0.0000000E+00  0.1838052E-01  0.1888519E-01  0.0000000E+00  0.2698252E+01  0.1780872E+01  0.0000000E+00  0.0000000E+00  0.0000000E+00  0.0000000E+00
  0.16594194E+02  0.4955262E+01 -0.4331892E+01  0.0000000E+00  0.1994141E-01  0.1888519E-01  0.0000000E+00  0.2414429E+01  0.1653093E+01  0.0000000E+00  0.0000000E+00  0.0000000E+00  0.0000000E+00
  0.16676846E+02  0.5698586E+01 -0.4661567E+01  0.0000000E+00  0.2150230E-01  0.1888519E-01  0.0000000E+00  0.2151730E+01  0.1525313E+01  0.0000000E+00  0.0000000E+00  0.0000000E+00  0.0000000E+00
  0.16676846E+02  0.5698586E+01 -0.4661567E+01  0.0000000E+00  0.2150230E-01  0.1888519E-01  0.0000000E+00  0.2151730E+01  0.1525313E+01  0.0000000E+00  0.0000000E+00  0.0000000E+00  0.0000000E+00
  0.16751846E+02  0.6080150E+01 -0.3304478E+00  0.0000000E+00  0.2230502E-01  0.2420557E-02  0.0000000E+00  0.2046151E+01 -0.9137152E-01  0.0000000E+00  0.0000000E+00  0.0000000E+00  0.0000000E+00
  0.16826845E+02  0.5794053E+01  0.4073464E+01  0.0000000E+00  0.2186200E-01 -0.1417927E-01  0.0000000E+00  0.2180178E+01 -0.1728951E+01  0.0000000E+00  0.0000000E+00  0.0000000E+00  0.0000000E+00
  0.16826845E+02  0.5794053E+01  0.4073464E+01  0.0000000E+00  0.2186200E-01 -0.1417927E-01  0.0000000E+00  0.2180178E+01 -0.1728951E+01  0.0000000E+00  0.0000000E+00  0.0000000E+00  0.0000000E+00
  0.16896845E+02  0.5238646E+01  0.3860915E+01  0.0000000E+00  0.2086945E-01 -0.1417927E-01  0.0000000E+00  0.2431197E+01 -0.1857036E+01  0.0000000E+00  0.0000000E+00  0.0000000E+00  0.0000000E+00
  0.16966846E+02  0.4712996E+01  0.3648367E+01  0.0000000E+00  0.1987690E-01 -0.1417927E-01  0.0000000E+00  0.2700148E+01 -0.1985122E+01  0.0000000E+00  0.0000000E+00  0.0000000E+00  0.0000000E+00
  0.17036846E+02  0.4217103E+01  0.3435818E+01  0.0000000E+00  0.1888435E-01 -0.1417927E-01  0.0000000E+00  0.2987031E+01 -0.2113207E+01  0.0000000E+00  0.0000000E+00  0.0000000E+00  0.0000000E+00
  0.17036846E+02  0.4217103E+01  0.3435818E+01  0.0000000E+00  0.1888435E-01 -0.1417927E-01  0.0000000E+00  0.2987031E+01 -0.2113207E+01  0.0000000E+00  0.0000000E+00  0.0000000E+00  0.0000000E+00
  0.17111847E+02  0.3833412E+01  0.1729846E+01  0.0000000E+00  0.1809254E-01 -0.6987210E-02  0.0000000E+00  0.3221549E+01 -0.9831589E+00  0.0000000E+00  0.0000000E+00  0.0000000E+00  0.0000000E+00
  0.17186846E+02  0.3687972E+01  0.2282200E+00  0.0000000E+00  0.1783116E-01 -0.3804450E-09  0.0000000E+00  0.3276262E+01  0.2607875E+00  0.0000000E+00  0.0000000E+00  0.0000000E+00  0.0000000E+00
  0.17186846E+02  0.3687972E+01  0.2282200E+00  0.0000000E+00  0.1783116E-01 -0.3804450E-09  0.0000000E+00  0.3276262E+01  0.2607875E+00  0.0000000E+00  0.0000000E+00  0.0000000E+00  0.0000000E+00
  0.17275734E+02  0.3649654E+01  0.2028623E+00  0.0000000E+00  0.1783116E-01 -0.3804450E-09  0.0000000E+00  0.3232475E+01  0.2318111E+00  0.0000000E+00  0.0000000E+00  0.0000000E+00  0.0000000E+00
  0.17364624E+02  0.3615843E+01  0.1775045E+00  0.0000000E+00  0.1783116E-01 -0.3804450E-09  0.0000000E+00  0.3193840E+01  0.2028347E+00  0.0000000E+00  0.0000000E+00  0.0000000E+00  0.0000000E+00
  0.17453512E+02  0.3586541E+01  0.1521468E+00  0.0000000E+00  0.1783116E-01 -0.3804450E-09  0.0000000E+00  0.3160356E+01  0.1738583E+00  0.0000000E+00  0.0000000E+00  0.0000000E+00  0.0000000E+00
  0.17542400E+02  0.3561747E+01  0.1267891E+00  0.0000000E+00  0.1783116E-01 -0.3804450E-09  0.0000000E+00  0.3132024E+01  0.1448819E+00  0.0000000E+00  0.0000000E+00  0.0000000E+00  0.0000000E+00
  0.17631290E+02  0.3541460E+01  0.1014313E+00  0.0000000E+00  0.1783116E-01 -0.3804450E-09  0.0000000E+00  0.3108842E+01  0.1159055E+00  0.0000000E+00  0.0000000E+00  0.0000000E+00  0.0000000E+00
  0.17720179E+02  0.3525682E+01  0.7607361E-01  0.0000000E+00  0.1783116E-01 -0.3804450E-09  0.0000000E+00  0.3090813E+01  0.8692914E-01  0.0000000E+00  0.0000000E+00  0.0000000E+00  0.0000000E+00
  0.17809067E+02  0.3514412E+01  0.5071587E-01  0.0000000E+00  0.1783116E-01 -0.3804450E-09  0.0000000E+00  0.3077934E+01  0.5795275E-01  0.0000000E+00  0.0000000E+00  0.0000000E+00  0.0000000E+00
  0.17897957E+02  0.3507650E+01  0.2535814E-01  0.0000000E+00  0.1783116E-01 -0.3804450E-09  0.0000000E+00  0.3070207E+01  0.2897636E-01  0.0000000E+00  0.0000000E+00  0.0000000E+00  0.0000000E+00
  0.17986845E+02  0.3505396E+01  0.4074398E-06  0.0000000E+00  0.1783116E-01 -0.3804450E-09  0.0000000E+00  0.3067632E+01 -0.3115282E-07  0.0000000E+00  0.0000000E+00  0.0000000E+00  0.0000000E+00
