  0.80000001E+00  0.00000000E+00
  0.80000001E+00  0.55699140E+00
  0.87500000E+00  0.27849570E+00
  0.95000005E+00  0.55699140E+00
  0.95000005E+00  0.00000000E+00
  0.11600000E+01  0.00000000E+00
  0.11600000E+01  0.55699140E+00
  0.12350000E+01  0.83548713E+00
  0.13100001E+01  0.55699140E+00
  0.13100001E+01  0.00000000E+00
  0.20538635E+01  0.00000000E+00
  0.20538635E+01  0.55699140E+00
  0.23501158E+01  0.55699140E+00
  0.23501158E+01  0.00000000E+00
  0.24652293E+01  0.00000000E+00
  0.24652293E+01  0.11139828E+01
  0.24652302E+01  0.11139828E+01
  0.24652302E+01  0.00000000E+00
  0.25402303E+01  0.00000000E+00
  0.25402303E+01  0.55699140E+00
  0.26152301E+01  0.27849570E+00
  0.26902301E+01  0.55699140E+00
  0.26902301E+01  0.00000000E+00
  0.27652302E+01  0.00000000E+00
  0.27652302E+01  0.11139828E+01
  0.27652311E+01  0.11139828E+01
  0.27652311E+01  0.00000000E+00
  0.29002311E+01  0.00000000E+00
  0.29002311E+01  0.55699140E+00
  0.29752312E+01  0.83548713E+00
  0.30502312E+01  0.55699140E+00
  0.30502312E+01  0.00000000E+00
  0.33002312E+01  0.00000000E+00
  0.33002312E+01  0.11139828E+01
  0.33002322E+01  0.11139828E+01
  0.33002322E+01  0.00000000E+00
  0.33752322E+01  0.00000000E+00
  0.33752322E+01  0.55699140E+00
  0.34502323E+01  0.83548713E+00
  0.35252323E+01  0.55699140E+00
  0.35252323E+01  0.00000000E+00
  0.37352321E+01  0.00000000E+00
  0.37352321E+01  0.55699140E+00
  0.38102322E+01  0.27849570E+00
  0.38852322E+01  0.55699140E+00
  0.38852322E+01  0.00000000E+00
  0.41103458E+01  0.00000000E+00
  0.41103458E+01  0.55699140E+00
  0.44065976E+01  0.55699140E+00
  0.44065976E+01  0.00000000E+00
  0.45868249E+01  0.00000000E+00
  0.45868249E+01  0.55699140E+00
  0.48830771E+01  0.55699140E+00
  0.48830771E+01  0.00000000E+00
  0.51081905E+01  0.00000000E+00
  0.51081905E+01  0.55699140E+00
  0.51831903E+01  0.27849570E+00
  0.52581906E+01  0.55699140E+00
  0.52581906E+01  0.00000000E+00
  0.54681907E+01  0.00000000E+00
  0.54681907E+01  0.55699140E+00
  0.55431905E+01  0.83548713E+00
  0.56181903E+01  0.55699140E+00
  0.56181903E+01  0.00000000E+00
  0.56931906E+01  0.00000000E+00
  0.56931906E+01  0.11139828E+01
  0.56931915E+01  0.11139828E+01
  0.56931915E+01  0.00000000E+00
  0.59431915E+01  0.00000000E+00
  0.59431915E+01  0.55699140E+00
  0.60181913E+01  0.83548713E+00
  0.60931916E+01  0.55699140E+00
  0.60931916E+01  0.00000000E+00
  0.62281914E+01  0.00000000E+00
  0.62281914E+01  0.11139828E+01
  0.62281923E+01  0.11139828E+01
  0.62281923E+01  0.00000000E+00
  0.63031926E+01  0.00000000E+00
  0.63031926E+01  0.55699140E+00
  0.63781929E+01  0.27849570E+00
  0.64531927E+01  0.55699140E+00
  0.64531927E+01  0.00000000E+00
  0.65281925E+01  0.00000000E+00
  0.65281925E+01  0.11139828E+01
  0.65281935E+01  0.11139828E+01
  0.65281935E+01  0.00000000E+00
  0.66433072E+01  0.00000000E+00
  0.66433072E+01  0.55699140E+00
  0.69395590E+01  0.55699140E+00
  0.69395590E+01  0.00000000E+00
  0.76834226E+01  0.00000000E+00
  0.76834226E+01  0.55699140E+00
  0.77584229E+01  0.83548713E+00
  0.78334227E+01  0.55699140E+00
  0.78334227E+01  0.00000000E+00
  0.80434227E+01  0.00000000E+00
  0.80434227E+01  0.55699140E+00
  0.81184225E+01  0.27849570E+00
  0.81934223E+01  0.55699140E+00
  0.81934223E+01  0.00000000E+00
  0.97934227E+01  0.00000000E+00
  0.97934227E+01  0.55699140E+00
  0.98684225E+01  0.27849570E+00
  0.99434223E+01  0.55699140E+00
  0.99434223E+01  0.00000000E+00
  0.10153422E+02  0.00000000E+00
  0.10153422E+02  0.55699140E+00
  0.10228422E+02  0.83548713E+00
  0.10303423E+02  0.55699140E+00
  0.10303423E+02  0.00000000E+00
  0.11047286E+02  0.00000000E+00
  0.11047286E+02  0.55699140E+00
  0.11343538E+02  0.55699140E+00
  0.11343538E+02  0.00000000E+00
  0.11458652E+02  0.00000000E+00
  0.11458652E+02  0.11139828E+01
  0.11458652E+02  0.11139828E+01
  0.11458652E+02  0.00000000E+00
  0.11533653E+02  0.00000000E+00
  0.11533653E+02  0.55699140E+00
  0.11608653E+02  0.27849570E+00
  0.11683653E+02  0.55699140E+00
  0.11683653E+02  0.00000000E+00
  0.11758653E+02  0.00000000E+00
  0.11758653E+02  0.11139828E+01
  0.11758654E+02  0.11139828E+01
  0.11758654E+02  0.00000000E+00
  0.11893654E+02  0.00000000E+00
  0.11893654E+02  0.55699140E+00
  0.11968654E+02  0.83548713E+00
  0.12043653E+02  0.55699140E+00
  0.12043653E+02  0.00000000E+00
  0.12293653E+02  0.00000000E+00
  0.12293653E+02  0.11139828E+01
  0.12293654E+02  0.11139828E+01
  0.12293654E+02  0.00000000E+00
  0.12368655E+02  0.00000000E+00
  0.12368655E+02  0.55699140E+00
  0.12443655E+02  0.83548713E+00
  0.12518655E+02  0.55699140E+00
  0.12518655E+02  0.00000000E+00
  0.12728655E+02  0.00000000E+00
  0.12728655E+02  0.55699140E+00
  0.12803655E+02  0.27849570E+00
  0.12878654E+02  0.55699140E+00
  0.12878654E+02  0.00000000E+00
  0.13103768E+02  0.00000000E+00
  0.13103768E+02  0.55699140E+00
  0.13400021E+02  0.55699140E+00
  0.13400021E+02  0.00000000E+00
  0.13580248E+02  0.00000000E+00
  0.13580248E+02  0.55699140E+00
  0.13876499E+02  0.55699140E+00
  0.13876499E+02  0.00000000E+00
  0.14101613E+02  0.00000000E+00
  0.14101613E+02  0.55699140E+00
  0.14176613E+02  0.27849570E+00
  0.14251613E+02  0.55699140E+00
  0.14251613E+02  0.00000000E+00
  0.14461613E+02  0.00000000E+00
  0.14461613E+02  0.55699140E+00
  0.14536613E+02  0.83548713E+00
  0.14611613E+02  0.55699140E+00
  0.14611613E+02  0.00000000E+00
  0.14686613E+02  0.00000000E+00
  0.14686613E+02  0.11139828E+01
  0.14686614E+02  0.11139828E+01
  0.14686614E+02  0.00000000E+00
  0.14936614E+02  0.00000000E+00
  0.14936614E+02  0.55699140E+00
  0.15011614E+02  0.83548713E+00
  0.15086614E+02  0.55699140E+00
  0.15086614E+02  0.00000000E+00
  0.15221614E+02  0.00000000E+00
  0.15221614E+02  0.11139828E+01
  0.15221615E+02  0.11139828E+01
  0.15221615E+02  0.00000000E+00
  0.15296616E+02  0.00000000E+00
  0.15296616E+02  0.55699140E+00
  0.15371615E+02  0.27849570E+00
  0.15446615E+02  0.55699140E+00
  0.15446615E+02  0.00000000E+00
  0.15521615E+02  0.00000000E+00
  0.15521615E+02  0.11139828E+01
  0.15521616E+02  0.11139828E+01
  0.15521616E+02  0.00000000E+00
  0.15636729E+02  0.00000000E+00
  0.15636729E+02  0.55699140E+00
  0.15932981E+02  0.55699140E+00
  0.15932981E+02  0.00000000E+00
  0.16676846E+02  0.00000000E+00
  0.16676846E+02  0.55699140E+00
  0.16751846E+02  0.83548713E+00
  0.16826845E+02  0.55699140E+00
  0.16826845E+02  0.00000000E+00
  0.17036846E+02  0.00000000E+00
  0.17036846E+02  0.55699140E+00
  0.17111847E+02  0.27849570E+00
  0.17186846E+02  0.55699140E+00
  0.17186846E+02  0.00000000E+00
