 -0.39999999E-01  0.00000000E+00
 -0.39999999E-01  0.00000000E+00
 -0.39000001E-01  0.00000000E+00
 -0.37999999E-01  0.00000000E+00
 -0.37000000E-01  0.00000000E+00
 -0.35999998E-01  0.00000000E+00
 -0.35000000E-01  0.00000000E+00
 -0.33999998E-01  0.00000000E+00
 -0.33000000E-01  0.00000000E+00
 -0.31999998E-01  0.00000000E+00
 -0.30999999E-01  0.00000000E+00
 -0.29999997E-01  0.00000000E+00
 -0.28999999E-01  0.00000000E+00
 -0.27999999E-01  0.00000000E+00
 -0.26999999E-01  0.00000000E+00
 -0.25999999E-01  0.00000000E+00
 -0.24999999E-01  0.00000000E+00
 -0.23999998E-01  0.00000000E+00
 -0.22999998E-01  0.00000000E+00
 -0.21999998E-01  0.00000000E+00
 -0.20999998E-01  0.00000000E+00
 -0.19999998E-01  0.00000000E+00
 -0.18999998E-01  0.20000001E-02
 -0.17999997E-01  0.20000001E-02
 -0.16999997E-01  0.20000001E-02
 -0.15999999E-01  0.30000000E-02
 -0.14999999E-01  0.40000002E-02
 -0.13999999E-01  0.40000002E-02
 -0.12999998E-01  0.40000002E-02
 -0.11999998E-01  0.50000004E-02
 -0.10999998E-01  0.60000001E-02
 -0.99999979E-02  0.60000001E-02
 -0.89999977E-02  0.70000002E-02
 -0.79999976E-02  0.80000004E-02
 -0.69999993E-02  0.80000004E-02
 -0.59999973E-02  0.90000005E-02
 -0.49999990E-02  0.10000001E-01
 -0.39999969E-02  0.11000001E-01
 -0.29999986E-02  0.11000001E-01
 -0.19999966E-02  0.12000000E-01
 -0.99999830E-03  0.13000000E-01
  0.37252903E-08  0.12000000E-01
  0.10000020E-02  0.12000000E-01
  0.20000041E-02  0.11000001E-01
  0.30000024E-02  0.11000001E-01
  0.40000044E-02  0.11000001E-01
  0.50000027E-02  0.10000001E-01
  0.60000047E-02  0.10000001E-01
  0.70000030E-02  0.90000005E-02
  0.80000013E-02  0.90000005E-02
  0.90000033E-02  0.80000004E-02
  0.10000002E-01  0.80000004E-02
  0.11000004E-01  0.70000002E-02
  0.12000002E-01  0.60000001E-02
  0.13000004E-01  0.50000004E-02
  0.14000002E-01  0.50000004E-02
  0.15000004E-01  0.40000002E-02
  0.16000003E-01  0.30000000E-02
  0.17000005E-01  0.20000001E-02
  0.18000003E-01  0.30000000E-02
  0.19000005E-01  0.20000001E-02
  0.20000003E-01  0.10000000E-02
  0.21000005E-01  0.00000000E+00
  0.22000004E-01  0.00000000E+00
  0.23000002E-01  0.00000000E+00
  0.24000004E-01  0.00000000E+00
  0.25000006E-01  0.00000000E+00
  0.26000001E-01  0.00000000E+00
  0.27000003E-01  0.00000000E+00
  0.28000005E-01  0.00000000E+00
  0.29000007E-01  0.00000000E+00
  0.30000001E-01  0.00000000E+00
  0.31000003E-01  0.00000000E+00
  0.32000005E-01  0.00000000E+00
  0.33000007E-01  0.00000000E+00
  0.34000002E-01  0.00000000E+00
  0.35000004E-01  0.00000000E+00
  0.36000006E-01  0.00000000E+00
  0.37000008E-01  0.00000000E+00
  0.38000003E-01  0.00000000E+00
  0.39000005E-01  0.00000000E+00
  0.40000007E-01  0.00000000E+00
