 -0.50000001E-01  0.00000000E+00
 -0.50000001E-01  0.00000000E+00
 -0.49000002E-01  0.00000000E+00
 -0.48000000E-01  0.00000000E+00
 -0.47000002E-01  0.00000000E+00
 -0.46000000E-01  0.00000000E+00
 -0.45000002E-01  0.00000000E+00
 -0.44000000E-01  0.00000000E+00
 -0.43000001E-01  0.00000000E+00
 -0.41999999E-01  0.00000000E+00
 -0.41000001E-01  0.00000000E+00
 -0.39999999E-01  0.00000000E+00
 -0.39000001E-01  0.00000000E+00
 -0.38000003E-01  0.00000000E+00
 -0.37000000E-01  0.00000000E+00
 -0.35999998E-01  0.00000000E+00
 -0.35000000E-01  0.00000000E+00
 -0.34000002E-01  0.00000000E+00
 -0.33000000E-01  0.00000000E+00
 -0.31999998E-01  0.00000000E+00
 -0.30999999E-01  0.00000000E+00
 -0.29999999E-01  0.00000000E+00
 -0.28999999E-01  0.00000000E+00
 -0.27999999E-01  0.00000000E+00
 -0.26999999E-01  0.00000000E+00
 -0.26000001E-01  0.00000000E+00
 -0.25000000E-01  0.00000000E+00
 -0.24000000E-01  0.00000000E+00
 -0.23000000E-01  0.00000000E+00
 -0.22000000E-01  0.00000000E+00
 -0.21000000E-01  0.20000001E-02
 -0.20000000E-01  0.20000001E-02
 -0.18999999E-01  0.30000000E-02
 -0.17999999E-01  0.30000000E-02
 -0.17000001E-01  0.30000000E-02
 -0.15999999E-01  0.40000002E-02
 -0.15000001E-01  0.50000004E-02
 -0.13999999E-01  0.50000004E-02
 -0.13000000E-01  0.50000004E-02
 -0.11999998E-01  0.50000004E-02
 -0.11000000E-01  0.60000001E-02
 -0.99999979E-02  0.70000002E-02
 -0.89999996E-02  0.70000002E-02
 -0.79999976E-02  0.80000004E-02
 -0.69999993E-02  0.90000005E-02
 -0.59999973E-02  0.90000005E-02
 -0.49999990E-02  0.10000001E-01
 -0.39999969E-02  0.11000001E-01
 -0.29999986E-02  0.12000000E-01
 -0.20000003E-02  0.12000000E-01
 -0.99999830E-03  0.13000000E-01
  0.00000000E+00  0.13000000E-01
  0.10000020E-02  0.12000000E-01
  0.20000003E-02  0.12000000E-01
  0.30000024E-02  0.11000001E-01
  0.40000007E-02  0.11000001E-01
  0.50000027E-02  0.11000001E-01
  0.60000010E-02  0.10000001E-01
  0.70000030E-02  0.10000001E-01
  0.80000013E-02  0.90000005E-02
  0.90000033E-02  0.90000005E-02
  0.10000002E-01  0.80000004E-02
  0.11000004E-01  0.70000002E-02
  0.12000002E-01  0.60000001E-02
  0.13000000E-01  0.60000001E-02
  0.14000002E-01  0.50000004E-02
  0.15000004E-01  0.40000002E-02
  0.15999999E-01  0.30000000E-02
  0.17000001E-01  0.20000001E-02
  0.18000003E-01  0.30000000E-02
  0.19000005E-01  0.20000001E-02
  0.20000000E-01  0.10000000E-02
  0.21000002E-01  0.10000000E-02
  0.22000004E-01  0.00000000E+00
  0.23000006E-01  0.00000000E+00
  0.24000000E-01  0.00000000E+00
  0.25000002E-01  0.00000000E+00
  0.26000004E-01  0.00000000E+00
  0.27000006E-01  0.00000000E+00
  0.28000001E-01  0.00000000E+00
  0.29000003E-01  0.00000000E+00
  0.30000005E-01  0.00000000E+00
  0.30999999E-01  0.00000000E+00
  0.32000002E-01  0.00000000E+00
  0.33000004E-01  0.00000000E+00
  0.34000006E-01  0.00000000E+00
  0.35000000E-01  0.00000000E+00
  0.36000002E-01  0.00000000E+00
  0.37000004E-01  0.00000000E+00
  0.38000006E-01  0.00000000E+00
  0.39000001E-01  0.00000000E+00
  0.40000003E-01  0.10000000E-02
  0.41000005E-01  0.00000000E+00
  0.42000007E-01  0.00000000E+00
  0.43000001E-01  0.00000000E+00
  0.44000003E-01  0.00000000E+00
  0.45000006E-01  0.00000000E+00
  0.46000000E-01  0.00000000E+00
  0.47000002E-01  0.00000000E+00
  0.48000004E-01  0.00000000E+00
  0.49000006E-01  0.00000000E+00
  0.50000001E-01  0.00000000E+00
